   20   20
    1
 2664
 1.00 1.10  11.  50.
 1.00 1.00  17.  75.
 1.00 1.00  17.  62.
 1.00 1.10  11.  75.
 1.00 0.80  14.  50.
 1.00 0.90  17.  50.
 1.00 1.20   5.  62.
 1.00 1.20  11.  25.
 1.00 0.90   8.  62.
 1.00 1.10  11.  25.
 1.00 0.80   5.  37.
 1.00 1.10  17.  62.
 1.00 1.20  17.  37.
 1.00 0.90  17.  50.
 1.00 1.00  17.  62.
 1.00 0.90   5.  50.
 1.00 1.00   8.  50.
 1.00 0.90   5.  62.
 1.00 1.00   5.  50.
 1.00 0.90  14.  37.
  124    0    0    0  120  120  108    0   94    0    0    0    0   87  112
    0  109    0   79    0    0    0    0   91  113   91   82  122    0    0
  103   83   88    0    0    0    0   88    0   84   84    0  113    0   93
    0    0   91   83    0  113    0  104  107    0  104  114    0   78    0
  113  110  103  119   78   87  116   92  114   83  104  114   96   98   89
   93  104   98  109   90  108  122  105  116  120   92   80   99  109  104
  118   79   75   82  121  111  123   94  120   78   82   85  121   90   88
  108   87  124   88  110   97   86  121   80  108  105   93   98   87  101
   95   90   89  119   90   86  102  123  106   84   96  108   99  108   75
  121   97  102  105  113   82   82   98   89  108   77   89   89   77  108
  102   80   76   82  111  103   86  104   83  102  101   88   85  111   83
   77   86  118  107  105  101  113   90  124  111  102  102   92  112  102
  124   89   87  120  115  102   98  122  111  122   84  100   82   77  124
  123  117   95   95  108   79  120   88   88   84  108   78  118   82  121
   95  124   90  123  105   76   81  101  107  108   90  117  117  112  113
   77  107   80   91  124   97   79   79  116  110  109  102   91   90  118
   94  110   96   79   92   78  112  104   78   99   79  112   95  103  103
  104  113   95  119  116  122   98  120   97   85  119  124  118  116   76
   98  112  103  103   91   85   87  111  110   97  101  105   93  121  118
  119  105  111   95  113  110  104   98  103   83   83  100   91   98  100
  118   83    0   96    0
   90    0   92    0  121
  120   86    0    0    0
  121    0  118    0   83
   86  118  110  115  111
  104  115  102   98   96
  121  108   82   95  117
  111  122  114  108   91
  122   82   90  102   84
   88   78   78  109   85
  105  110  121   87  122
  119   86   81  112   76
  122   90  109   76   94
  112  103  101  107   82
   81  104   76  112  112
   80  105   89  108   83
   97   83   82   89   94
   94   75  101  119   93
  119   92  109   85  100
   92   79   93   86  101

  Bi   hi   su   su
           time cost
 PSIZE,CV,TBO,TSCAP,AVGCAP =      2    1    1    1    7
