   20   20
    1
 3432
 1.00 0.80  43.  25.
 1.00 0.80  54.  75.
 1.00 1.00  21.  75.
 1.00 1.00  65.  62.
 1.00 1.20  32.  62.
 1.00 1.20  43.  50.
 1.00 0.80  54.  37.
 1.00 0.90  65.  62.
 1.00 1.20  43.  75.
 1.00 0.90  65.  25.
 1.00 0.80  65.  25.
 1.00 1.20  21.  25.
 1.00 1.20  32.  37.
 1.00 1.10  65.  25.
 1.00 1.10  32.  37.
 1.00 1.00  21.  50.
 1.00 1.20  32.  62.
 1.00 1.10  43.  62.
 1.00 0.80  54.  25.
 1.00 0.90  54.  37.
  114   92   94  107    0   86    0    0    0   95    0  114    0   82  114
    0    0   93  120  110    0    0  106  103  119    0    0    0    0   75
    0   89   93    0    0    0    0   88  114  120    0   96    0    0    0
    0  124    0    0  121    0  100   90    0  103  123  103    0    0   83
  117   76  111  114   92  102  119   83  122  108   76   80   92  124   91
   95   90  111   88  106  122   78  113  104  102  101   93   99  123   82
  113   94  120   78   76  101  107  109   92  113   77  102  106  118  102
   84  123  104  123  122  124  114  120   77  121  109   86   88   97   80
  104   84  107  117  117   89  117  123  101  105  118   88   79   79  117
  120   86  103   77   96  124  111   78  121  101  120  124  105   96  114
   88  110   97   83  105  116   99   97  113   95  124   93  106   85  106
   91  111   78   95  102   99   81   99  106   87  112  118  108  110   90
  103   80  116  107   88  112  111  121   82  119  102   90   86  102  124
   95   86  118  111  121  107  100  101   77   88   85  118  119   97  113
  123   85  122   88  102  104   77   94  106  102   95  104  106   79   88
   80  103   83  114  117   84   88  123  122   94  104   88  112  107  120
   95  121  102   77   82   96   77  103  108   96   87   91  101  120  101
  123   76  124   80  112   76   81   98   98   77  110   97  108   95  108
   77  115   80  103   76   99   93   95  123  109   78  112   93  121  120
  120  103   91  113   86   84  124  116  105  101  122   83   96  118  102
    0   85    0   90   82
    0    0    0    0    0
    0    0    0    0    0
    0    0    0  112    0
  101  124   95  115   98
  105  123  113   96   79
  101  111  102  103  119
  109  118  107   75  109
  117   83  113  106   84
  105   94   83   79  121
  101  108   82   98   81
  101   83   81   83  121
  116   80   96   96   80
   94  113   93  111   87
  116   82   78   82   86
   81   97   91   99  107
   79  123  103   93  113
  107  101  100   93  104
   76   87   89   98  124
   78   86  118  107   77

  Bi   hi   su   su
           time cost
 PSIZE,CV,TBO,TSCAP,AVGCAP =      2    1    1    2    7
