   20   20
    1
 2103
 1.00 1.00  11.  50.
 1.00 0.90  17.  75.
 1.00 1.00  11.  50.
 1.00 1.00   8.  62.
 1.00 1.10  14.  62.
 1.00 1.00   8.  37.
 1.00 0.90   5.  75.
 1.00 0.80  17.  50.
 1.00 1.10  17.  25.
 1.00 1.10  14.  37.
 1.00 1.10   8.  62.
 1.00 1.00  14.  50.
 1.00 1.10  11.  62.
 1.00 0.80  17.  37.
 1.00 1.00  14.  25.
 1.00 1.00   5.  50.
 1.00 0.80  11.  50.
 1.00 1.20  14.  50.
 1.00 1.20  14.  62.
 1.00 0.80  14.  37.
  103   96    0    0    0    0   75   76   82  105   77  113    0   98   76
    0   82    0   98    0   99    0    0    0   95    0  118  122   84  104
    0   87   75    0   88   77    0  109  114  111  104   90  120    0  105
  122    0   81   84    0    0   92  121    0    0    0   88  109   93    0
   97  106   80   95   85   87  103  116   90   78  106  116  114   81   95
   89  121   97  100   97   81  122   75   94   79  103   95   98  101  119
   94  111  106  121  122  108   81  110  110  107   87  104   76   90  100
   98   82   91   99  109   80  123   96  105   78   97  112  116   95  122
   97  111   81  111  121  104  116  104  105   91  122   88   76  106   88
   89   76  106   84  119   87  114   77  119   93  117  119   79  118  121
  107   83  101   98   78  121   97  122   92  116  123   79  114  104  112
   86   89  105  115  118   81  113   84  114  106   78   84   96  108  124
  119   93  115   83   97  117  120  105   98   97   78   97  121  106   79
   94   79   78  103  103   88  116   86   81  113   75   86   90  119   79
   88   98   85  112   85   78  100   85   95   95  106   96   79   89   76
   76   99   90  112   90  111   85   88  117   85  118  117  107  109  122
  120   91   80  108  114   88  111   99   87   94  114  124   98  110   93
  103   78   84   97  113   92  106   92   85   86   96   87  114   81  121
   84   99   77  108   82  121  108   86  115   98   98   81  109  107   93
  118   82   95  117   82  102  110   87  104   79   76   98   89  104  113
  107    0    0  108   91
   97   80   89  113  103
    0    0  107  106  103
   79  115  100   89    0
   76   79   84   95  100
   98  118   86  120  117
   77   95  117   76  118
  108  107  101  100   90
   90  101   78   97  112
   79  102   86   84   77
  111  120  101   81   86
   75   76   81  100  108
  112   88  103  109   75
   88  118   93  103  115
  100  104  121  107  106
  124   91  103   84  116
  110  106  104  122   95
  120   78   79  122   89
  109   80  121   79  109
   84  119   89   76  101

  Bi   hi   su   su
           time cost
 PSIZE,CV,TBO,TSCAP,AVGCAP =      2    1    1    1    9
