   20   20
    1
 2350
 1.00 1.20   5.  62.
 1.00 0.90   5.  25.
 1.00 1.10  11.  25.
 1.00 0.80  17.  37.
 1.00 1.10   5.  50.
 1.00 0.80  17.  75.
 1.00 0.80  17.  50.
 1.00 1.20  11.  62.
 1.00 1.00   5.  62.
 1.00 1.20   5.  37.
 1.00 1.00  17.  25.
 1.00 1.10   8.  25.
 1.00 0.80  17.  75.
 1.00 1.00  14.  62.
 1.00 0.90  11.  50.
 1.00 1.00  14.  37.
 1.00 0.90  14.  50.
 1.00 0.90  17.  37.
 1.00 0.90  11.  62.
 1.00 1.10  17.  75.
   85    0    0   77    0    0   91   95   89    0  118   83   98   77  118
    0  113    0    0  122    0   78   92    0  103  100    0  122   85   86
   76    0  109    0   86  118    0    0    0  117  103   86   84   75   92
    0    0    0  112  103    0  115  102    0    0    0  101   77   89   92
   78   76  101  103  106   84   99   75  116   96  110  106  108  117   83
   99  112   96  110  107   84  112   99  103  122   97  115   79   78  100
  114  119  121   96   91   83   96  122   95  108  104   91   98  108  108
   76   99   98  118   89  105  117   77  121  112   78   94   99  108  104
   81   75  118  111   93  104  101  100   91  101   77   89   89   83   91
   86  111  122   87  118  104  112  107  123   95  102   97  111  110  121
   96  110   81   95   82   87   84  117   78   98  120   80   85   92   75
  101   79  100  124  106   80  120   75  110  113   94  118   90   93   88
  113  101  108  111  123   92   81   86   80  108  109  113  102  112  101
   90  123  105   76  104  124  123   93  114   78   75   93  123  105   79
  117  106   75   91  117   82  124   82   99   93   87   90  105   99   81
  114  117   87   83  113  107   89  119   89   76  105   80   80  107  102
   93   78   88  119   98   97  100   92  110  110   81   97   86  100  116
  104   84  108   77   86  122   81  109  104   78  122  108   75  104   82
   98  113  106   87   90  100   78   77  108   88  124   82  119  102  118
   93  106  107   89  119   90  106  108   97  124  105  118   85   86  102
    0   96   87   86    0
   95   86    0    0   98
  116    0    0   89  106
   90    0    0   78    0
   87  118  105   91  111
   83  110   99   87  121
   83  103  100  102   84
  111  102  103  124  106
   96  101  103  113   92
   86  100  108  119  116
  122   85   78  105  107
  113  116  112  122  106
  113   87  111  116   79
  124  109  117  123  122
  107   93  108  120   98
   84  124  115  123  117
   82   86  124   91   98
  124  124   80   81  117
  111  123   93  115   83
  118  111  101   91  102

  Bi   hi   su   su
           time cost
 PSIZE,CV,TBO,TSCAP,AVGCAP =      2    1    1    1    8
