   20   20
    1
 2709
 1.00 0.90  65.  75.
 1.00 0.90  54.  25.
 1.00 0.90  32.  62.
 1.00 0.90  65.  37.
 1.00 1.20  54.  75.
 1.00 1.00  54.  50.
 1.00 0.80  21.  25.
 1.00 0.80  32.  75.
 1.00 0.80  54.  62.
 1.00 1.10  54.  75.
 1.00 1.20  32.  50.
 1.00 1.00  65.  50.
 1.00 0.90  21.  62.
 1.00 1.00  43.  50.
 1.00 1.10  65.  50.
 1.00 1.00  65.  25.
 1.00 1.10  54.  50.
 1.00 0.80  54.  25.
 1.00 1.20  21.  62.
 1.00 1.00  21.  37.
   98   98    0    0    0  108    0    0  122   82    0  105   97  118    0
    0    0   92   99    0    0   99    0    0   83   94    0   88    0   78
  115   80    0    0  102    0    0   97   77    0   75    0  113    0   89
    0    0  119    0  101    0  114  106  102   91   84  105  105  114    0
   80  118  112  108  122   87  120  112  112   98   75   78   88   79   80
  114  106   76   96  124  116   76  102  109   81   85   75   86   87  101
   98  117   84   83   93   97  108  119  115   92  119  108  103  105   78
   82   98   84   82   79   86  102  121   99   85  105   94   80  109  115
   90  119   77  106   77   77  122  112   99   80  118  119  113  108  114
   97  115  102  121  123  120   86   99  109   75  121   78   93   96  106
   85   94   85  116  108   99  107   97   80  108  113  110   81   98   96
   79   97  108   91  120   75   88  104  116  105   78  117   78  105  108
  112   84   97  115  101   95   85   89  111   97  124   78   77  106   77
  113   97  108  111   75   81  107   99  112   75   94   77   95  116   75
   80  115   97   92  100  113   92  107  100   95   76   99  101  108   86
   76   76  120  105   80  101  120  106  103  120  113   95  123   90  105
  110   86   77   84  107  117   91  102   80  100  121  110   76   91  106
   96  114   79  110   78  101   91   98  109  110  113  117  119   78  107
  107   95  118  109  110  112  115   91   96   97  109   75  120  114   80
   97   85   93   85  124  102   80  101  122  113  104   78  122  106   89
   98    0   78  107    0
    0  102    0    0   94
  115    0   96    0  109
    0    0    0   86    0
  116   99   75  121  123
  107   75  111  123  113
  114  113  115  113   83
  112  100  112   86   86
  121   83  100   88  109
  113   96   81   78   91
  116  114  108   89  108
  105  117   79  110   80
   78   79  117  117  117
  120  119  101   88  107
  119  113   79  111   87
   97   96  124  110  103
  100   79   87  103  122
   75  106   96   79  116
  110  120   84   90   76
  123  117   93  104   77

  Bi   hi   su   su
           time cost
 PSIZE,CV,TBO,TSCAP,AVGCAP =      2    1    1    2    9
