   20   20
    1
 3028
 1.00 0.80  43.  62.
 1.00 0.90  65.  37.
 1.00 0.80  65.  25.
 1.00 1.10  21.  62.
 1.00 0.90  43.  25.
 1.00 1.10  65.  50.
 1.00 1.00  21.  50.
 1.00 1.20  43.  37.
 1.00 1.20  54.  75.
 1.00 1.20  43.  25.
 1.00 1.00  54.  62.
 1.00 1.20  54.  50.
 1.00 1.20  65.  25.
 1.00 1.20  54.  75.
 1.00 1.20  43.  37.
 1.00 1.10  21.  75.
 1.00 1.20  65.  37.
 1.00 1.10  54.  75.
 1.00 1.10  21.  50.
 1.00 0.80  54.  25.
  112    0    0   90    0    0   80  102    0    0    0   76    0  119   87
    0   95    0  124   86  100    0  108   84  103   99    0    0    0    0
  105  100   87  105    0   78    0   77   85    0    0    0    0   87   99
   94   77    0  102    0    0  106    0  102  124    0    0    0   94    0
   92  108  101   93   77  124  124  104   86  123   92  106   95   96   95
  109   91  116  106   90  106  107  120   81   95   77  112  113  101  111
   84   90   82   77   78  121   97   99  116   91   80  106  100   98  116
  115  123   87   83  117   80  113   84  119   87   89   97  120  105   76
  112  124  112   84  102   91  112   79   95  100  110   75  117   99   91
  117  120  110  124  111   76  110  107  112   87  116   89   99   80  120
   97  102   77   84  112   99  123  109   75   98   94  110  119  107   91
   85  112   93   90  106  106  113   77  102  106   87   93  109  101  115
  109  105  110  113  122  123   82  104   75  104   83  104  107  106   82
   79   86  107   97  105  122  106  122  121   99   87   91  116  103  119
  114  110   97   84   82   87   82  110   97  108  116  102  116   96   81
  102  121   98   86  114   86   99  109   80   75  124   93   79  110   79
  111   84   85  101   79   79  111   84   81   79   97  105   98  103   76
  116   81   75  119  113   76  123   75   88  101   95   88   79   78  105
   81   84  124  111   84   79  120   79  111   87   98   97  119   76  124
  115  120  119  107   93  111   82  124   79  102   90  111   82  122  117
    0  110    0    0    0
  118    0    0  117    0
    0  121   78    0  108
    0  114    0    0  110
   96   90   86   98  104
  100   89   96  111  117
  103   94  116  104  105
  109  100   77  124   76
  116  105  106   94  123
   80  116  100  108   91
   81  117  101   78  101
  122  109  107  116   87
  110   98  113   88  116
  107   96  103  116  116
   79   89  122  110   86
  115  104  107  107   79
   96   82  103  120  108
  115   92  119   87  115
   78   79  120   79   89
  103   85  122   94   75

  Bi   hi   su   su
           time cost
 PSIZE,CV,TBO,TSCAP,AVGCAP =      2    1    1    2    8
