   20   20
    1
 2103
 1.00 0.80   5.  62.
 1.00 1.10  14.  62.
 1.00 1.00   5.  25.
 1.00 0.80  11.  62.
 1.00 1.00  14.  62.
 1.00 0.80   5.  37.
 1.00 1.10  17.  62.
 1.00 0.80  14.  62.
 1.00 0.90  14.  50.
 1.00 1.10  14.  25.
 1.00 0.80   8.  62.
 1.00 1.20  17.  62.
 1.00 1.10  11.  62.
 1.00 0.80   8.  25.
 1.00 1.10  11.  50.
 1.00 0.90   5.  37.
 1.00 1.10  14.  25.
 1.00 1.10   8.  75.
 1.00 1.20  17.  50.
 1.00 1.20   8.  25.
  113   90    0    0  113  105   98    0    0  114  109   97  113  115    0
  106  104    0    0  104   96   97    0  116  121  120  124   78    0    0
   99   76    0  102  110    0    0    0   80   78    0    0   98  120   95
    0    0   87   91    0  107    0    0  113    0    0    0  124  105    0
  111  104   92   98   98  124  122   87  121  115  100   86  107   95  122
   91  123   90   82  123   79   87  107   89  116  124  112   87  114   79
  109  122  102   90  114  102   79   97  105  124   97   76  115   87   91
  121   99   89   76  100  104  116   86  103   80   97   95   93   98   93
  101  104  118  114   95  114  113   87  110  107   88   87   75  119  109
   92  115   94   78  124  119  120  116  112  123  109   75   97   93   81
   98  103  106  109   98   96  119  108   79  119   84  121   95   86  120
  114  113  112  121   98   77  119   93  120  108  117   82  100   97  105
  123   92   86   83  123  119  103   99  117  103  112   87   96   78   89
  116   98   88  108   82  119  105  108  108   82   95  121   99   86   88
   83   82   97   75  113   81   96   87   87   91  110  122  122  103  100
  116  102   94   95  119   90   88  109   95  108   79  121   92  120  122
  121  103  104   98  108  111   97  122   96  108   75  105   81   88   95
  106   99   96  112  118  107   77   95  114   90  118   76   81   96   86
   78  102   93   98   89   80   81  112   75  118  110   99  114   87   77
   78  107  120  107  113  118  124   99  110  111  111  102   75   97   87
  115  113    0   92    0
  102  109    0    0    0
    0  102    0    0  103
    0    0    0    0  104
  102   76   96   83   90
  109  123  106   87  110
  113   91   80  112   83
  101   81   90  109   76
   87  111  113   89  102
   97   94  110   76  118
  118  121   80  111  122
   77   84  113   98   91
   76  103  120   83   86
   96  124   87   76  123
  124  108  114   88   86
  118  104  111   82   95
  120   96   77  101   98
   82  118   96   92   85
  124  124  100  116   90
  110  106  106   86  109

  Bi   hi   su   su
           time cost
 PSIZE,CV,TBO,TSCAP,AVGCAP =      2    1    1    1    9
