   20   20
    1
 3432
 1.00 0.80  43.  37.
 1.00 0.90  54.  62.
 1.00 1.10  32.  50.
 1.00 1.00  32.  62.
 1.00 0.90  43.  50.
 1.00 1.10  65.  75.
 1.00 1.10  54.  62.
 1.00 1.20  21.  37.
 1.00 1.00  32.  50.
 1.00 1.20  32.  25.
 1.00 1.00  32.  37.
 1.00 1.10  21.  50.
 1.00 1.00  65.  75.
 1.00 0.90  54.  75.
 1.00 1.10  21.  37.
 1.00 1.10  32.  62.
 1.00 1.00  54.  50.
 1.00 1.20  21.  25.
 1.00 0.90  65.  37.
 1.00 1.00  21.  25.
   79   98  114  114  124    0  113  123  103    0   76   96   85  121   89
  115  104    0   94   82  119  108    0   76    0    0    0    0    0    0
    0  111    0  106   75  113    0  108    0    0   89    0   89   81    0
    0   77  118    0    0    0  122    0  117    0    0    0   96    0   95
  104  112  111   91  121  105   93  124  106   78   87  117   98  106  100
   76  113  124  105   76   99  101   84  107  118  121  107  104   96   94
  118   99   86   87   90  110   79   86  104   80   88  101  102   97  120
   86   92  121   97  121   89  113  108  115   76   79   87  107   91  103
   90   84   88  120  106   85   75   81  106   92   82   86   80  104   81
   93  103   90  103   94  118  114  116   85   97  105  100  113   96  105
  100  107  112   85  111   78   98  121  102   76   80   90  120   85  102
   97  109  121   97   98  112  103   99  120   90  101   84   78  115  114
  118   83  100   89   75   92  119   86  113   84   89   78  117   78  103
  103  106   84   75   92  114  109   90   84   97  112  110  112  118   81
   90   84   87  116   90   86  103  124   84  115  109   86  112   76  101
   84  112   96  116  115  111  122  114   84   91   82  124   81  119  105
  109  123   85   75   83  121  101  120   76   91  107  106  105   77   87
  120   96  105   83   93   98   94   78  101   89   93   93  111   86   95
  116  110  111  109   88   97   78   75  102  118  110   91  100   92   99
  113  116   93  114  101  123  120  112   87  120  113  117  119  102   93
   86    0    0   78  124
   75    0   98  123   96
    0    0    0   81  111
  122    0    0  112    0
   99  121   97   76  114
   94   89  116  120  113
  105   98   75  105   86
   87   83  113  111   90
   97   87   79   94   91
   75  105   82   91  102
   78  114  112  108   79
   86  120  124   77   95
  102  111   98  101   98
  110  113   91   86   96
  107   76  116   90   82
   88  101   95   91  116
   76  124   83  100   89
   78   95  106   93  117
  106  113   99  123  107
   94   99  109   82   84

  Bi   hi   su   su
           time cost
 PSIZE,CV,TBO,TSCAP,AVGCAP =      2    1    1    2    7
