   20   20
    1
 2664
 1.00 1.20   5.  37.
 1.00 0.90  17.  25.
 1.00 1.00  14.  62.
 1.00 0.90  14.  37.
 1.00 0.90  14.  25.
 1.00 0.90   5.  62.
 1.00 1.20   8.  50.
 1.00 0.90  11.  37.
 1.00 0.80  11.  75.
 1.00 1.00  11.  75.
 1.00 0.80  11.  75.
 1.00 1.10  11.  50.
 1.00 1.00   8.  62.
 1.00 1.00  17.  37.
 1.00 1.20  14.  62.
 1.00 1.10   8.  25.
 1.00 0.80   5.  75.
 1.00 1.00  11.  25.
 1.00 1.20  17.  25.
 1.00 1.00  14.  37.
   94    0    0    0    0    0    0    0    0  112  114  107    0   77   77
    0   93  119    0   93    0    0   78    0   78   90    0    0   91   81
  120   95   98   98   76    0   86    0   96  110    0  105   87  120  116
   77    0  115  114    0   98   94   85   90    0    0   84   82    0  100
   89   85  106  106   89  100   82   79   87  109  103   97   80  115  100
   82   77  121  102  104  108   87  122   78   87  120  106   83   92   92
  123   99  100  100   77  121  112  106   91  112   87   90  110   76   94
  117   83   82   92  100   86   77   90   92   85   79  108  118   90   93
  108   89   80   82  113  124  106  101  109  114   79  110   78   79  117
  124  113  113  103   92  102  123  110  103   94   93  103  119  104   79
  117   80  113   83  111  101   99   84  119   88   92  100  112   86   89
   83   79   76   93  117   93   82   78   81   81  111  111  105  117   77
   91  107  107   81   97   87   80   97   97  106   80  118  115   98   76
   94   83   83   96  115   86   92  118   86   89  111   93  102   81   86
   78  114  111   81  114   77  123  115  111  123   92   81   85  124  104
   76   93  113   96  107   90   99  123   82  103  119  101  115   94   81
   95  105   92  118  105  116   79  109   77   83  103   99   97   93  104
   82   82  101  104   84  110   87  106   92   80   80  103   85  124   98
  102   78   89   81   82  112  114  114   91   77   94  110   94  119   93
  118   89  106  120   88   86  122   84   79  112   93   96   80  121   78
    0    0  103  115   86
    0   95    0    0   98
   83   91    0    0    0
    0    0    0    0    0
   88  114  121   88   79
   90   88  115   81   85
  115  102   93  119   83
   87   81  106   88   94
  118   93   78  104  106
   78  108  124   95   92
  105  116  120   89  101
  118   95   88  122  120
   83  114  116  102   91
   84   78  110   84  119
  119  118   85  110  123
   92  115  114  113  112
   78   94  102  107  120
  110  121  111   75   80
   94  123   91   85   89
  118   84   83   88   82

  Bi   hi   su   su
           time cost
 PSIZE,CV,TBO,TSCAP,AVGCAP =      2    1    1    1    7
