   20   20
    1
 3028
 1.00 0.80  65.  37.
 1.00 1.00  43.  37.
 1.00 1.10  65.  50.
 1.00 1.00  32.  50.
 1.00 1.10  65.  75.
 1.00 1.20  32.  37.
 1.00 0.80  32.  25.
 1.00 1.00  54.  50.
 1.00 1.00  54.  37.
 1.00 0.80  32.  75.
 1.00 1.10  32.  37.
 1.00 1.20  32.  50.
 1.00 0.80  43.  25.
 1.00 1.00  65.  75.
 1.00 1.00  43.  37.
 1.00 1.10  32.  25.
 1.00 1.10  32.  62.
 1.00 1.20  43.  75.
 1.00 1.10  43.  75.
 1.00 0.80  32.  50.
    0    0  100    0    0    0  105    0    0   83  106  117    0   78   95
    0    0   78    0    0   76   87   83  113  111    0    0    0    0   90
    0   85  122   96   83  116   76  118    0   78    0  122   90  110    0
  113    0    0    0  117  103   83    0  115    0  104    0    0   90    0
  105   82   87   82  107   88   84  115  106  123  101  112   78  118   79
  116   96   87  109  105  102   78   84  102   92  117   76   92  107   75
  111  116  109  100   82   99   97  111   85  112   88   98   84  101   88
  114   94  110   77   92  102   93   75  109  112  101  111   77  116   81
   76  108   98   79   75   91  113   88  123  117  119  122   78  115  113
   98  103   82   80   87  104  122  116   96   76  102  107  101  101   95
  118  111   96   95   98  101  124  121  109   89  102   92   89  105  113
  109   96   83  115  117   80  117  104  119  121   97  103  113   95  101
   97   80  116  105  106  120   88  116   78  110   86   82  113  119  106
   89  102   98  121   84   77  105   75   95   88   99   89   76  104  123
  104  119   97  119   97   93  106   81  103   76  119  109  104  104  113
   91  109  116  123   77   79   77   97   78  102   94   77   95  112   81
  102   90   81   78   85  105  102  121  121  108  112   75  123   87   81
  115  107  102  107   99  111   96  117  121   87   76  119  104  101  122
  106   96  104  102   80   78   94  103   84   93   96   79  109   78  111
   84  114  111   80   79  108  117   79   83   82   95  120   94   89   94
    0  105  101    0  123
  112    0   83    0   93
   88    0   88   86  119
    0    0  124  116   81
   76   89  101   83  105
   81  110  115  105  119
  107   80   94   77   94
  124   90   97  110  101
  107  116   88   89   91
   89   80   80  108  115
   81  102  119  113  124
  119   93   89  102   93
   92   83   97  120  102
  118   96  121  117   82
  113   98   92  115  120
  103  124  108   87  100
  105   83  123  118  123
   88  102  105  109   86
   94  108   88   81   96
   99   89   75   98  101

  Bi   hi   su   su
           time cost
 PSIZE,CV,TBO,TSCAP,AVGCAP =      2    1    1    2    8
