   20   20
    1
 2709
 1.00 0.80  43.  25.
 1.00 1.20  65.  25.
 1.00 0.80  32.  25.
 1.00 0.80  21.  75.
 1.00 0.90  65.  50.
 1.00 1.20  21.  50.
 1.00 1.20  32.  62.
 1.00 0.90  54.  75.
 1.00 0.80  21.  25.
 1.00 1.00  43.  25.
 1.00 0.80  43.  62.
 1.00 0.90  43.  62.
 1.00 1.20  32.  37.
 1.00 1.20  65.  25.
 1.00 1.00  65.  37.
 1.00 0.80  54.  37.
 1.00 0.80  54.  62.
 1.00 0.80  43.  37.
 1.00 0.80  32.  62.
 1.00 0.90  32.  25.
    0  123    0    0  115    0  114   96    0   75  105    0    0   87    0
    0  122   90    0   91    0    0    0  100    0  100    0    0  106    0
    0  108    0    0   93    0   83  120    0    0  105  108   75  103    0
    0  112   89    0   77    0  119    0   75    0  120  105    0  122   88
   87   76  119  111   86   75  124   87  105   80  101  122   85  106  106
  122  116   97  118  115  124   91   98  105  114   88  108   86  113   85
  110   82  102  107   97  110  100   96   75  117  105   97   94   87  100
   94   93   86   77   83  105  121   98   78  121  103   79   89  124  115
  108   94   77   94  110   94  117   90   96  109   97   91  108  110   95
  101   98  106   98  121  102  101   88  110   97  106   75  122   76   81
   93   96   80  122   83   94  104   88  111  103  111   85  114   98   82
   91   80  110  117   93  112   90   85  102   81   78   87  121  117  106
  107   93  106   86   80  107  100   96   77   81   88   95  116  101   84
   75  122   78  114  110  119  106   87   93  112  116  119  107  100  120
  103  104   97  104  116  107   93  105   79  122   97   95   89  110   88
  124   99   89   77  106   79   87  110  104   98  105   93  123  100  102
  110   91   84   85  102   77  111  101  124  118   97   95  121   99  111
   95  100  106   85   98  113  108   95   89   82   91  101  123  119   76
   97  101   80  106  100   76   92  110   88  109   99  122  104  101  101
   97  111   82   91  109  116   90  109   78  106  119   86   80  106  101
   76    0  110    0    0
   78    0   87    0  101
   75  112  123   86    0
  122    0    0  107  121
   84  123  103  119  107
  122   93  123   76  120
  102  111   90  118   78
   76  124   87   79   88
  116  102   88   78  121
   99   98   96  118   78
  113  121  117   84   94
  106  113  122  122   81
   81   80  102  120   96
  107  107   88  114  115
   89   91   90  121   91
   87   90  111   81   91
  119  119  112  121   96
   75  121  120  105   97
   96  120  112  111   96
   79   81  119  118   75

  Bi   hi   su   su
           time cost
 PSIZE,CV,TBO,TSCAP,AVGCAP =      2    1    1    2    9
