   20   20
    1
 2709
 1.00 0.80  65.  37.
 1.00 1.00  54.  25.
 1.00 0.80  65.  50.
 1.00 0.90  65.  50.
 1.00 1.20  32.  62.
 1.00 0.90  32.  62.
 1.00 1.10  32.  50.
 1.00 0.80  43.  37.
 1.00 0.90  21.  37.
 1.00 1.10  43.  62.
 1.00 1.00  21.  75.
 1.00 1.00  21.  25.
 1.00 1.00  54.  37.
 1.00 0.80  65.  62.
 1.00 1.10  43.  25.
 1.00 0.90  32.  62.
 1.00 0.80  43.  37.
 1.00 0.80  43.  50.
 1.00 0.90  65.  50.
 1.00 1.00  43.  37.
  108    0    0   77   92    0    0   99  115   87    0  101    0    0   89
  106    0    0    0    0    0  114    0    0    0  115   76    0    0    0
   77  116    0   83    0  118  118    0    0   83    0    0    0    0   77
  108   75    0    0  106    0    0    0    0  116   94   99  110   87  109
   95   75  103   76  120  110  124  108   86   89  114  110   94   96  116
  118  122  104   84   83   93   96   82  106   84   91   85  108  117  109
   94   75   83  119   95  106  119  106   90   81  119  114  107   78   77
  117  111  105   89   86  114   87  106   83   87  121  119   96  112  120
   80  120  120  109   76   78   76  107   86   78   88   76  110  109   76
  108  120   98  112  101  113   90  106  105   78  123  106  109   77   84
   94  118  123   87   85  124  104  116   84  122   99  124   88  114  117
   84   85  101   75   77   82  104  114   95  120  120  107  116   84   91
   90   75   84   76  101  110   94   90  121   90  122   95  103   78  107
  118  100   88  111  102   78   91   92  124   90   97  113   90  106  105
   79   82   82   99   93  115   81  113   75   86   92  118   80  103   87
   83   96  119   81  107   90  102   81  108  102  100  112  112   98   98
   77  122  115   95   79  102   84   96  109  103  124  104   94  107  112
   79   90  122   97  120   82   75  116   93  116  114  108   85  110   79
   90   80  118  116   78  111   92   98  121  107  100   99   94  122  112
   98   91  115   95   87  116   96  101   89   86  113   83  108   84   76
    0   87  110    0  100
    0  102  104    0    0
    0    0    0   86    0
  104  102   80    0    0
  119   82  114  123   94
  117   75   90  109   75
  111  100   94  115  124
   93  111   87   77   79
   94   75   79   94   93
  105  111   93  102   87
  115   77   85  120  124
   88  109   92   86  114
   78  100   81  120  117
   82   89   99   76  124
   83  112  106  116  115
  104   86   95   87  123
  110   87   84  121   93
   81   75  118  112   79
  102   94   97  107   82
  102  113   79  115  105

  Bi   hi   su   su
           time cost
 PSIZE,CV,TBO,TSCAP,AVGCAP =      2    1    1    2    9
