   20   20
    1
 2664
 1.00 1.20   5.  75.
 1.00 0.80  11.  37.
 1.00 1.00  14.  62.
 1.00 0.80  14.  75.
 1.00 1.00  14.  25.
 1.00 1.00  14.  62.
 1.00 0.80   8.  37.
 1.00 0.90   5.  37.
 1.00 1.00  11.  25.
 1.00 1.20  14.  62.
 1.00 1.10  11.  62.
 1.00 1.00  17.  25.
 1.00 1.00  11.  25.
 1.00 1.10  17.  37.
 1.00 1.00  11.  50.
 1.00 1.20  17.  75.
 1.00 0.90  11.  62.
 1.00 1.10  14.  25.
 1.00 0.80  17.  50.
 1.00 1.00   5.  50.
    0    0    0    0    0   92  106  118    0   82    0    0    0    0   79
    0  113  109    0    0  115    0   84    0    0   80    0   90   77   99
   90    0   79  122   99    0  109   81    0    0    0  116    0    0    0
  102    0   99  122  100   81  101    0  103   76    0    0    0    0    0
  120   84  119   84   96  106   85   78  102   93   91   86   97   93   81
  103   75   88  100   90  103   94  117   89   92   94  124  101  121   82
  105  111  124   99  111  114   97  122  122  102  120   92  103   98  120
  121   94  103  111  114   95  116  121   96   94   75  103   77   75  106
  105   85  106  106  112   93  119  104   79   79  114  100  113  100   98
   80   93   77  103  106   86   79  102   81   83  119   87   95   75   97
  122  109   85   79  108  118  114   87  104  124  101   94  112  106  116
  117  103  115  106   97  109   97  116  108   96   92   85   85   91   79
  105   90   84   96  104   79  101   85   89  110   94  113   93  109  101
   93  101   81  117   99  114   85   87  110  107   87  105   76   80   96
  121   76  111  113   83  114  118  116   76  119  108  124  118   91  118
  112   91   90  123   99  120   90   99  118  103  107   93   80   96   91
   89   96  110   87  104   78  121  104   89  109   86   88  102  102   96
   78   83   95  115  117  101  105   94   77  119   97  111   85  113   93
  116  119  106   95   95   87  121  118   90  117  115  103  101  107   83
   76  121  115  102  120   99   89  103  101   86   90  119   75   93  123
    0    0    0  100  108
   85  100  122    0    0
   84   93   93   90    0
    0   79  111   83  106
   78   88  124   76   81
  122  116   98  115  122
  119  108   95  115   93
   90   81  123   83  112
   88   77  123  115  113
   92  101  118  111  101
  118  103   99  100   81
  100   80   86  100  105
  112   79   75   82  118
   96  106   88   93  108
   85   89  117   81  120
   77  115  122  107   76
   88   92   97   96  123
   82  110   99   98   89
  104  113  115  112   76
  106  109   79  117  119

  Bi   hi   su   su
           time cost
 PSIZE,CV,TBO,TSCAP,AVGCAP =      2    1    1    1    7
