   20   20
    1
 3432
 1.00 1.00  43.  37.
 1.00 1.10  65.  25.
 1.00 1.00  21.  50.
 1.00 1.10  54.  50.
 1.00 0.90  65.  25.
 1.00 1.10  54.  37.
 1.00 0.90  65.  62.
 1.00 1.20  21.  62.
 1.00 1.20  43.  75.
 1.00 1.10  43.  50.
 1.00 1.20  54.  50.
 1.00 1.20  54.  37.
 1.00 0.90  65.  37.
 1.00 1.20  43.  25.
 1.00 1.20  65.  62.
 1.00 1.20  54.  37.
 1.00 0.80  54.  62.
 1.00 0.80  32.  25.
 1.00 0.90  21.  75.
 1.00 1.10  32.  75.
   88  117   91    0   75  110    0    0  124    0   91  121   85    0   96
    0    0    0  101    0  119    0    0  103   78    0    0    0    0    0
  111   82    0    0   78  114  115    0    0    0    0    0   98  112    0
  115  110    0    0    0    0  124    0   81    0   78  108    0    0   90
   84   80  122   86  113   82   80   90  111   93   98  117   81   95   76
   91  108  110   94   89  116  121   94   83   80   83   76  111  108  109
   85  106  102   94  122   91  108   83  101   88   84  111   89  117  124
   83  116   82   80   91  119  119  112   96   81   81  106   83  119   87
  103   89   98  122   85  104   93  107  115   79  120   84   95   98  100
  106  112   94  105   96  111  113  113  100  101  104   92  121   97  104
  123  121  114  120   78   78  116  117   75  109  105  114   86  121   76
   80   97  102   83   93   97   84   84   97  117   88  111  103  111  108
   94  112  111  116  108  119   93   95   99  100   86   97   98   85  109
  105   94   81   89  106  118  101   97   98   82  123  117  121  114   92
  108   75   78   94   98  106   97   91   77   94  110   96  105   78  115
   81  124   84  111   89  115  114   88  108   88  107   84   85  101   77
  121  123  122   94  123   99   93   92  111   94   77   99   83  117   80
  112  117  100  121  112   82  115   79  119   80   75   81  107   91  107
  124   80   90  119   75  121   75  106   87  116   91  112   84   78  111
   88  112  112  124  116  109   76   75  119  110  111  111   76   87   83
    0  119    0    0    0
    0    0  113  116    0
    0    0    0    0   79
    0   81    0  123   75
  106   82  113  116  117
   88   98   81  111  122
  103   84   90   87  105
  121  112   85   78  104
  112  117   75   85   78
   93   75  119  110  114
  112  116   94  120  106
   90  114  104   86  124
  117   77  120  104  121
  105   83   96  116   92
  120  119  104  101  103
   92   93   96   80  119
   92  121   77  114  117
  103  113   99   91   87
   92   99  101   87   79
  116   76  120  112  111

  Bi   hi   su   su
           time cost
 PSIZE,CV,TBO,TSCAP,AVGCAP =      2    1    1    2    7
