   20   20
    1
 2350
 1.00 1.10  11.  50.
 1.00 1.00  11.  25.
 1.00 1.10  14.  25.
 1.00 1.00  11.  62.
 1.00 0.90  17.  37.
 1.00 0.80  17.  50.
 1.00 1.10   5.  37.
 1.00 1.00  14.  37.
 1.00 0.90   8.  75.
 1.00 1.10  17.  75.
 1.00 0.80  11.  75.
 1.00 0.90  11.  37.
 1.00 1.00  14.  50.
 1.00 1.20  11.  75.
 1.00 0.80  17.  25.
 1.00 0.80  14.  75.
 1.00 1.20  11.  50.
 1.00 0.80   5.  37.
 1.00 1.20   8.  62.
 1.00 1.20  11.  50.
    0  124    0   76    0  100   86  101  117    0   81    0    0  112  121
    0  111    0   77    0  114    0   80   90    0  103    0    0  107    0
   75  111  123   92  111    0   99    0    0   84    0    0  102   92    0
   96    0    0    0    0  101   96   95   79  123    0    0  104  105   99
   75  120  120  105  101   91  103   84   90   82   84  111   88  107   84
  123   80  115  100  111   83   79   78  101   88  107   84   86  108  108
  124   99  116   89  106  111  118   88  102  106   93   91   85   93   80
   93   83  109   94  121   81  115   93  122   94   77   94  112   80  107
   79  110   82   80   92  117  103  112  119  116  118   75  102  123  111
   78   97  119  124   89  115  118  107  102   81  105   84   80   75  124
   99  118  102   97  119   78  111   93   82   77   75  106   93   89   95
  109  108   75  103   81   96   82  114  122   88   98   82   96   75   89
   92  111   91   93   76   96   76   96   77  109   89   99   82   85  124
  120   85   92   80  121   87   97   85   98  107  101  102   75   76   76
  111   94   87  103  116   91   77   91   94   90   93   88  113  116   90
  118  115   92  120   93   81  102  116   95   76   84  119   80  124   97
   96   85   81  117  100   94   92   76   80   93   76  124   82   94  117
  102  116   96   83  112  108  101  122  110  111   88  105  124   91  123
  112   99   79   95   94   75   85   80  118  112   78   90   91   81  118
   76  113  122   94   78   97  115  105  114   90  100  119   84  116  124
   98  107    0    0    0
    0   93   89   95  106
    0    0    0   78    0
    0    0  118    0    0
  113   96  107   92  103
   79  103   90   78  107
   94   82   96  124  114
   98   87  101  105  116
  110   96   97   89  117
   95   93   98  115  120
  110   86   79   99  119
  105  116   97   89   93
  100  119  100  107   85
  121  119  120  114   98
  106  108   96   95   75
   77  123  114  105   75
  112  110   87  107   92
   98   89  110   87   83
  104  105   75   99  104
  106   78   86  110  118

  Bi   hi   su   su
           time cost
 PSIZE,CV,TBO,TSCAP,AVGCAP =      2    1    1    1    8
