   20   20
    1
 3432
 1.00 1.20  43.  50.
 1.00 1.00  65.  75.
 1.00 1.10  54.  50.
 1.00 1.00  54.  62.
 1.00 1.10  65.  50.
 1.00 1.00  54.  37.
 1.00 1.10  43.  50.
 1.00 1.00  65.  50.
 1.00 1.00  65.  75.
 1.00 0.80  65.  62.
 1.00 0.80  32.  75.
 1.00 1.20  65.  62.
 1.00 1.10  43.  75.
 1.00 1.10  65.  62.
 1.00 0.90  21.  62.
 1.00 1.00  54.  25.
 1.00 0.90  21.  50.
 1.00 1.00  54.  62.
 1.00 0.80  21.  37.
 1.00 1.10  65.  62.
    0    0    0  116    0    0    0  116  113    0  119    0   82    0   97
  123   95    0   76    0    0   76   88   86    0    0  110    0   95   83
  116    0   89    0   98   77    0  103   90   77  106    0  110   95   96
  114  121  113   87    0    0    0   86   79    0    0    0    0   82   76
  110  124   80  114   92   77   83  103  100   77   75  106   94  123   95
   84  104  101   75  106   91   83  124  121  107  105  120   76  116   88
  122  121  100   92  100  112  109   84   75   94   75   79   98  112   83
  124   91  122   90  109   80  120   77  102  100  108   94   78   76  103
   86   82  120  106  106  107  121   83  101   95   90   93   81   80   95
  112  116   98  121   77  116   77   81   89  103   97  110   76  118   99
   86  118  114  111  106   97  113  118   75  105   82   96  120   90   77
  118  101   91   75   84  122  103  102   86   85   89  116  119  110   82
  107   86   94   79  112   85   85   86  105   85   84   86  109  110   84
   77   81   94  124   77  115   76  104  118  121   77   89   89   83   93
  107   96   77  103  112  115  116  124  113   92  103   77   75  104   78
  103   86  106   91  110  123   99   95  102   75   91  122   87  122  118
  101  107   83  103  109  101  110   93  112  115  115   92   91  120   76
  118   96   91  110  122  121   98   82   91  102   81  108  102   96  111
  111   86   96   91   81  118  108   81  111  119  123   80   94   81   92
   94   82   76  116   90  107  114  101  124   98  105  116   99  100   77
    0  110    0  115    0
   75    0  106  111    0
    0    0    0  121   77
  115   84    0    0    0
  100  114   97  105   95
  117   88   89   88  123
   93  102   86   88  106
  120  111  111   76  106
   90   86  107   95   96
  108   98  108  103   83
  101  101   97  123   76
   78   81   82  114  121
  118   76  111  105   99
   98   93  122  122   81
  124  119   97  115   80
  109   88  121  110  123
  116   89   76   99   97
   90   95  101  116   79
  112   75  123   88  118
   99   91   90  116  119

  Bi   hi   su   su
           time cost
 PSIZE,CV,TBO,TSCAP,AVGCAP =      2    1    1    2    7
