   20   20
    1
 2709
 1.00 1.10  21.  50.
 1.00 1.20  54.  25.
 1.00 1.20  54.  62.
 1.00 1.00  65.  37.
 1.00 1.20  65.  62.
 1.00 1.10  43.  50.
 1.00 0.90  32.  75.
 1.00 1.00  65.  75.
 1.00 0.90  21.  75.
 1.00 0.90  54.  75.
 1.00 1.00  54.  75.
 1.00 1.20  65.  37.
 1.00 0.80  54.  62.
 1.00 0.90  21.  75.
 1.00 0.80  32.  37.
 1.00 1.10  43.  62.
 1.00 0.80  32.  75.
 1.00 1.00  65.  50.
 1.00 0.90  65.  75.
 1.00 0.80  21.  62.
    0  104   92    0   84    0   83  122    0   82   77    0    0  115    0
    0    0    0   76   79    0    0    0    0    0    0  123   93    0    0
    0  104    0    0    0   86    0   76  117   91    0    0   86    0   85
   83  108   83    0    0    0   76    0    0   89   96  111    0  115  112
  122  111  124   93   83   84  108  118   90  115  109   91   86   96   87
   84  119   90  106  107  121  107   83   79   77  103  107   91  121  106
   92  120   96  103   91   81  109  112  121   97  123  121  119   92   88
  116  109  104  106   77  104  111   80  109  113   77  124   77   90   97
   85   93   84   94   94  111  123   98  112   81   81  104   80   86   94
  103  117   99   89  104  102  110   86   99  108   77  116   76  123   77
  120   76   92  107   98   86   93  122  124  113  116  112  124  113   89
  123   78  113  100  104   94   81  120  118   96  114  108   89   83   94
   83  124  118  114  119   94   75   83  116   77   82   95  121  124  123
  121  100   88  115   75   78   91   88  113  110   81  123   84   97  109
   84  113  103   97   81   96   81   81  105   82  118   92  100  104  101
   75   96   93  113  122   98   92  124   86  101  114   96  122  121  124
  118  108   83  123  117  119  124  116  106  112   92   88   75  109  105
   82   85  118   76   80   93  124  109  118  104  116  102  118   80  110
   79   93   86  103   81  123   79  115  106   92   87  116   91   77   90
   76   99   98  122  109   85  103   88   95  115  116  102   88   76  111
   86   85   87  104    0
  106    0    0  117   84
    0    0   91    0   93
   82   86   75  122   88
  115   87  119  107  116
  122  102   92  114   85
   98   87   98   90  117
  112  110   92   78   90
   77   92  100  107   87
  100   96  123  110  104
  103   98  113   90   99
  103  109  106   85  102
  123  101  110  120  109
   97   89   92   96   82
   93  107  114  122  112
   97   80  110  123   75
   85  109  119   85   84
  118   98  102  122   81
   92   82   88   85  119
  108   86   92  117  102

  Bi   hi   su   su
           time cost
 PSIZE,CV,TBO,TSCAP,AVGCAP =      2    1    1    2    9
