   20   20
    1
 3028
 1.00 1.10  43.  37.
 1.00 1.00  43.  62.
 1.00 1.10  21.  25.
 1.00 1.00  54.  37.
 1.00 1.20  21.  50.
 1.00 0.90  54.  62.
 1.00 0.90  43.  50.
 1.00 1.10  65.  25.
 1.00 1.10  54.  25.
 1.00 0.80  54.  37.
 1.00 1.10  65.  50.
 1.00 1.20  54.  25.
 1.00 0.90  21.  75.
 1.00 0.90  65.  62.
 1.00 1.00  21.  37.
 1.00 1.10  43.  62.
 1.00 0.90  21.  62.
 1.00 1.10  65.  25.
 1.00 1.10  54.  50.
 1.00 0.90  65.  25.
    0   90    0    0    0   75    0    0   87    0  111   90    0    0  102
  108    0  117   78   76    0    0    0    0  106  106   89   99    0  110
  117  113   90  102    0   96    0   99   95    0  109  105   87    0   93
    0    0    0   76  107   93   82    0  121  112   79   75   83  119   98
   79   99  118  104   88  111  102   76  122   77   80   90  117  113  121
  110  121  111   78  100   82   81   95   77   85  111   79  106  103   75
  105   96  116   93   89  123  110   80  118  108  112   79  115  109  113
  106   88   99   85   77   98   77  117   82   75  112   77   83  103  103
   99   99   98   95  113  103   95   75   97   92  105  110   92  102  118
  124  116  111   86   95   88  122  116  121   95  115  121  121  109  117
  124   77   93  100  103  115   78   94  101  101  123  116   89  100   82
  108   80  103   81  124   94   82  124   82   77  117   86   78   89   81
   97  116  109  106   84   99  123  104  100   91   84   86  106   98   94
   88  110  100   99  119  112   98  122   83  124  116  107   92  104  106
  102  111  124   95  118  110   95  122  104  107   81  118  110  113   76
   94   77   92   98  103  124  113  115  105  115   92   88  124   81   90
  111  119   95   76   81  104   76  116   88   96  121  115  100   86   82
   84  102   91  119  120   92  103  100  100  122   94  124  102   79   75
   94   83   82   91   96  119  107   92   79  117  117   89  121   98   84
   89   88  120  109  119   85  105   99   80   77   90   94   94  107   86
    0   92    0  124    0
    0    0  124    0    0
    0  107    0    0   81
    0   85    0    0   80
   92  120  118  124  121
   83   77  111   98  107
   76   97   84  109   81
  119   79   97  108   87
  111   97   76  114   78
  123  102   82   93  104
   82   98   88  101   99
   80  102  124  118   92
   75   84   76  101  104
  100   77  100   91  106
  116   87   95  118  115
  110   79   88  115  122
  112  114  112   88   98
   83  122  111  123  118
   79  111   89  111   95
   96   91   84   87  113

  Bi   hi   su   su
           time cost
 PSIZE,CV,TBO,TSCAP,AVGCAP =      2    1    1    2    8
