   20   20
    1
 2103
 1.00 1.10  17.  25.
 1.00 0.90   5.  37.
 1.00 1.00  14.  75.
 1.00 1.10   5.  37.
 1.00 1.00   5.  75.
 1.00 0.90  14.  75.
 1.00 1.20  14.  62.
 1.00 1.10   5.  62.
 1.00 1.00  17.  37.
 1.00 1.00   8.  25.
 1.00 1.20  11.  50.
 1.00 0.80   8.  50.
 1.00 1.10   8.  50.
 1.00 1.20  14.  62.
 1.00 1.20   8.  50.
 1.00 1.00   8.  37.
 1.00 1.10   8.  50.
 1.00 1.10   5.  75.
 1.00 0.80   8.  62.
 1.00 0.80   8.  37.
   77    0    0   87    0   90  105  104   83  103    0    0   78  104    0
   84    0  113    0    0   86    0   99   94   97   98    0  108   77    0
   86  111    0  111    0    0  113   78  110    0    0   96    0    0  116
    0   97    0   94    0   86  121   79  103   94    0    0    0  104   91
   85   85   94   83   80   85   84   88  117   84   93   89   96  115  109
   86   95   83  124  123   92  108  105   87  120  118  121   76   89   95
  102  124   91  101  122   89  100   87  109  100  103   91   81  118  104
   97   90  101   83  121  109  115   85  108  115   98   75   98   98  104
   92  122   82   87   89   93  100  124   86  118  110   99  116   91   89
  103   95   75  122   82  111  108   83  100   90  100  123   97  114   95
   88   77  116   76  101  105   93   92  109  107  123   97  111   81   90
  105   79   98  116  101   84   86  107  100  124  102   82   84  119   79
  119   96   87   89   97  117  115   76   81  100  106  104   99   90  109
   78  108  124   96  122   76  105   78   90   88  116   78   84  103   94
  108  123  116   91  111   81  114   83  103  106   81  104   79  111   80
   77  116   82  104  120  109   95  104  109  118   78  120   98   85  110
  113   84   90   81   76   79   86  104   85  119  119  111   97   98  109
  116  106   92   82  111  111   99   89   77  107   78  108  124   92   80
  121   83  101   99  105   87  123   76   91  106  124   84  108   77  115
   95   92  115  116  100  102   87  119  103   96  106  111   94   79  108
  103   81    0    0    0
    0   91   91    0  102
    0    0    0    0    0
   80  112    0  116    0
  106   95   96  117  121
  110   92  106   87   91
  111  106  124  111  105
  113  113  100   97   85
  112  106   88  117   93
   92  118   83   75  105
  109   75   90  116  109
   93   88  118   92  121
  121   96   92   87   96
   88  111  105  119   89
   86   95   84  108  121
   76   88   94  112  105
   87  116   87   89   97
   98  106  119   80  101
  119   92  114   89  111
  120   96  106  112  117

  Bi   hi   su   su
           time cost
 PSIZE,CV,TBO,TSCAP,AVGCAP =      2    1    1    1    9
