   20   20
    1
 2664
 1.00 1.20  14.  37.
 1.00 0.80  14.  62.
 1.00 1.00  17.  75.
 1.00 1.10  11.  62.
 1.00 1.00  14.  25.
 1.00 1.20  14.  50.
 1.00 1.20  14.  50.
 1.00 0.90  17.  25.
 1.00 0.80   5.  37.
 1.00 0.90  17.  50.
 1.00 1.10  17.  62.
 1.00 0.80  17.  37.
 1.00 0.80   8.  37.
 1.00 1.00  11.  50.
 1.00 1.20   5.  50.
 1.00 0.90  11.  37.
 1.00 1.10  17.  75.
 1.00 1.10  17.  50.
 1.00 1.20  14.  25.
 1.00 1.10   8.  37.
    0  103    0    0    0   81   93    0   93    0    0   92    0    0   93
   98  104    0   83    0   75    0  109    0   77    0   81    0  103   95
   85    0    0  106    0   98    0    0    0   75    0    0   99    0   89
    0    0    0    0    0    0   90   90   77    0  109    0    0    0  120
  111   84  108   75   99  109  105   81  111  118  117   83  108   82  124
  108  117  108  118  113  110  105  100   83   88  124   76   88   90  100
   87   88  100   87  112  117  101  122   88   77  117   81  100  102   86
   87  120  108   94  105   95  108  100   92  102  121  102  124  117  109
  119  109   77   83  101   93  105  101  116   82   82  101  100  119  104
  121  115  123   88   88   86  122   82   88   88   83  101   90  123  100
  109  118   81   89  103  102  109   84   99  121   99  109  109   81   79
   87  119  109  110  106  111   86  122   78  114  112  114  107   82  124
   88   82   96  124   85  114   96  122  121   77  115  122   79   99  116
   89  118   84   83   89   91   91  124  100   91  107  105   96  119  107
  114   96  124   84   82   86  121   80  109  116  121   92   75  121   77
  115  101  117  107  110   76  117   93   83   91   94   82  123   75   87
   93   96  104   80  105   98   97   75   85   80  112   84   75   97   88
  100  115  104  112  106  117  100  123  121  118  114   88  113  112  117
  104   76   90  103   89  122  107   95   94  107   78  102   95   83  122
  107  108   84  110   81   77   75  110  112  118   82  117   91   95  111
    0    0    0   93    0
   96    0    0  119    0
   96    0    0  109   96
    0    0    0   75    0
   75   81  112  120  120
  121  114  119  122  106
  116   95  100  112   92
   98   91   99  113   76
   76   88   88   87   76
   75   82  116   87   91
   92   82  115   81  105
   83   82   87   88   88
  121   96   94  119   97
  117   89  120   95  124
  116   82   78   84   97
  100   98   90  113   98
  116   78  109   81  108
   76   87   89  100   87
  108   75  102  116  101
   96   96  107   96   94

  Bi   hi   su   su
           time cost
 PSIZE,CV,TBO,TSCAP,AVGCAP =      2    1    1    1    7
