   20   20
    1
 2664
 1.00 1.00  14.  75.
 1.00 1.20   8.  75.
 1.00 0.90  17.  62.
 1.00 1.20  17.  50.
 1.00 1.20  11.  62.
 1.00 0.90   8.  62.
 1.00 1.00  11.  62.
 1.00 0.80  17.  62.
 1.00 1.10  14.  25.
 1.00 0.90  11.  62.
 1.00 0.80   5.  62.
 1.00 0.80  14.  37.
 1.00 0.90  14.  75.
 1.00 1.00  17.  37.
 1.00 1.20  11.  50.
 1.00 1.20  17.  37.
 1.00 1.00   5.  62.
 1.00 1.00  11.  75.
 1.00 1.20  11.  50.
 1.00 1.20   5.  75.
   90    0    0    0    0  102    0  121    0  116  102  118    0    0    0
  120    0    0   87    0   93    0    0   87  113  119    0    0    0  119
    0   90  110   80    0   83    0  112  112   75    0    0    0  117   83
    0  110   94  116    0    0   76  106    0    0    0    0    0    0    0
  123  118  122  108  103   81   99  103  119   83   88   80   86   97   94
  113   77  106   75  112   76   81   96   86  101  123   89  100   82   77
   95  110  118   98  102  123   83   89   86  112   84   99  120   90  102
   93  111  108  114  113  116  112  123   82  107   80   94   79  106  104
   86   77   85  113   89   99   84   93   91   88  107   82  123   78  104
   88   87   81   99   98  118   91  123   89  101   91   95   96   83  119
  112  111   93   82   76  122  118   85  113   93  107  119   98   99  106
   97   85   97  101   75  106   95  122   85   81  119  109  102  120   95
   96  116  115  111   95   92  118  103   81   77   77  122  112  123   85
  101  124  124   98   84   81   82  108   94   76  115   82  112  120  114
  102   81   83  117   85  118  115  120  123  124   86   94   80   88  109
  108   94   83   81   85   77   95  119   87   93  111  115  120   97   84
   79  119   77  109   92   81  113  122   76  100  102  109   84   97  110
   99  112   97   93  103   96  106  107  120   79  110   75   89  107  122
  100  118   98  104   89   89   78  115  111   76  108   92   96  110  110
   83   86  119  117   78  100   84   88  122  112   77   83  106  121  122
  110   75    0    0    0
  120  113  121    0    0
    0  121    0    0  108
   75    0    0   91  101
   88  111  103  105  105
   75  106   92   79  121
   92  109   87  113   76
   75  104   85  114   94
  106  123  105   79  120
   91   88  108   85   88
  111   91   95   84  103
  121  124  123   94  118
  122   95   78  121   97
   77  119  100  103  114
   93   92  105   91  116
   86  108  106   99  122
  100  122   92   95   80
  115  121   76  107   91
   82   75  113   76   96
  114  106  101  114   90

  Bi   hi   su   su
           time cost
 PSIZE,CV,TBO,TSCAP,AVGCAP =      2    1    1    1    7
