   20   20
    1
 2709
 1.00 1.00  32.  62.
 1.00 0.90  65.  25.
 1.00 0.90  54.  37.
 1.00 1.20  32.  62.
 1.00 0.90  43.  25.
 1.00 1.10  54.  50.
 1.00 0.80  65.  75.
 1.00 1.20  21.  25.
 1.00 1.00  54.  37.
 1.00 0.90  54.  50.
 1.00 0.90  54.  25.
 1.00 0.90  32.  75.
 1.00 0.80  32.  50.
 1.00 1.20  54.  25.
 1.00 1.20  54.  25.
 1.00 0.80  54.  25.
 1.00 0.90  21.  50.
 1.00 1.00  21.  50.
 1.00 1.10  43.  75.
 1.00 1.10  54.  25.
    0    0   75    0    0   98  108    0  118  109    0    0  114   93   78
    0    0  119   88   96  118    0    0    0    0   98    0  122  118    0
   87  105    0    0    0    0    0    0    0    0    0  105    0    0    0
    0  110    0  124    0    0   93  115    0  120   99   97    0    0    0
   98  108  108   82  120  108   93   78  104  107  108   93  124   80   88
  116   93   90  107  112   88  124  121   84  106  115  112  100  112  113
   86  110  114  101  124   96  124   88   82  100   95  119   90   86  102
  102   81   83  118   84  106  109  102  116  122  123   85   97  103   86
  111  107  104   91  103   81  103  120  116  108   76  103  121   91   94
  101  113  116  112  120  123   97   86   77   86  121   75  104   79   79
   88  104  116   81   75  120  118  120  121  119  120   89   93   98   92
  123   96  104   75   82  115   79   96  103  120   86  106   93  114   80
  100   93   85  122   92   93  115   85   82   82   97   83  104  110  124
  113   91   85   94   85  116  102  117   80   84   84  100   78  105  113
   76   91  105   96   93  114   75  109  105  112  123   89  124  113  114
  112   95  103  105   98  102   77   82   98   88  105  119   86   88  101
  115  105  118  107  105  120  100   96  124  112   86   89  108  123   94
  122  107   99  110  117   86  104   80  116   99   77  104  113   90   77
  113  108   95  116  120   91   76  109   98  121  102  105  110   96   97
  110  106  107  117   91  103   80   99  105   87  120  113  121  119  123
    0   97  114    0   93
  105  118   85   84    0
    0    0  111    0   88
    0    0    0  114  111
  105   77  106   76   75
  107   90  100  123  102
  122  109   79   93   85
  106   94   91  124   94
  103   90  100   77  102
  114  101  100  116  111
  117  103   91   85   91
   85   90  123  103  117
  107   82   75  113   79
   81  100  104  122  117
   77  121  103  109   79
   96   92   86   86   90
   93  100  103  115  112
  100   91  102   82   83
   92  100  106   83  113
  105  100   89   95  109

  Bi   hi   su   su
           time cost
 PSIZE,CV,TBO,TSCAP,AVGCAP =      2    1    1    2    9
