   20   20
    1
 2103
 1.00 0.90  17.  62.
 1.00 1.10  14.  62.
 1.00 1.10   8.  25.
 1.00 0.80  14.  62.
 1.00 1.20  17.  25.
 1.00 1.00  14.  50.
 1.00 1.20  14.  37.
 1.00 1.20  11.  75.
 1.00 1.20   8.  25.
 1.00 1.00   5.  50.
 1.00 1.10  17.  50.
 1.00 0.90  14.  37.
 1.00 1.10   8.  62.
 1.00 0.80   5.  75.
 1.00 1.10  14.  50.
 1.00 1.20   8.  62.
 1.00 1.00  11.  50.
 1.00 1.10  14.  62.
 1.00 1.00   8.  62.
 1.00 1.20   5.  25.
    0   87   87   81  105    0  120  100    0   79    0  110    0    0   91
  110    0  100    0    0   93    0    0    0    0    0    0  109   84    0
    0  108    0    0  115   78  115    0    0    0  112   77    0    0  120
    0    0    0  103    0   82   96  120    0    0    0  118   81   89  105
  110  122  117   77   93  107   90  124  111   77  121  105  120  117  122
  108  120   77  119   99  123   85   93   84  119   86   80  107  104   93
  104  119  100   79  112   91  120   75   86   92  118  109  110   89  120
  104   84   83   91   95   91  119  123  105   82   90  103   89   99   78
   91  107   76   88   97  121   91  123   93   86   80  102   77   86  119
   77  119   99  103  122   99  101   86   97   92   75   75  120  118  124
  106   94   97   76   94  116   79   91  123  117  115   82  115   76   81
   77   77  116   81  104  124  103   85  100  115  109  110   82  105  123
   84   79  110   81  100  104   95  117  101   77  114  120   80   91   75
  123  119  103  120  112   92   91   84   84   92   84  104  100  120   86
  124   83   82   89   96  116  111  116   83   87  122  123  107   90   75
  110   87  109  103  123  102   85  109  122   97  122   91  115   97  120
   81  108   98   79  101   78   99   82  105   78   91   89   84  105  104
  107  120  110  102   84   76  103  115   87   91  109  109  110   86  100
  114   88  108   92  116   75  111  121   87  122   76  101  103  112   92
  117  101  122  115  113  109   79   93   82  107   83  111   97  100   97
    0  109   84    0    0
  107   85  116  106    0
    0    0    0   96  112
    0  116  114  124   80
  114  109   97  114   93
  104  123  120   87   82
   92   83   89   90   86
  113   99  100   77   99
  111  119   95   78  117
   99   88   94  113   86
   99  103  118  102   76
   89  121  101   97   75
   77   91   89  113  104
  102  118  110   90   81
   90  109   77   84  105
   82   82  100   94  115
  108  108  110   90   78
  113   93  110  108   92
   86  116   97   83   87
   81  120  122   93  119

  Bi   hi   su   su
           time cost
 PSIZE,CV,TBO,TSCAP,AVGCAP =      2    1    1    1    9
