   20   20
    1
 2350
 1.00 1.20  11.  75.
 1.00 1.00  17.  50.
 1.00 1.10  11.  25.
 1.00 1.00  14.  37.
 1.00 0.80   5.  25.
 1.00 1.10   5.  37.
 1.00 1.10   5.  25.
 1.00 0.90  17.  50.
 1.00 0.90  17.  50.
 1.00 1.20   5.  37.
 1.00 1.20   5.  50.
 1.00 1.00  17.  75.
 1.00 0.80  11.  62.
 1.00 1.10  17.  75.
 1.00 0.90  11.  75.
 1.00 0.90   8.  37.
 1.00 0.80   5.  62.
 1.00 1.00  14.  50.
 1.00 1.20  14.  37.
 1.00 1.20   8.  75.
   93  121    0   86    0  110    0    0  118    0    0   98    0   96    0
    0    0    0   83   75    0    0  106    0  113   86  102    0    0    0
   94  123    0   97    0  107   85  118    0    0  114    0   87   82    0
   76  104  117   90    0    0    0    0    0    0    0    0    0   93   86
  110   86   98  104   83   85  107  109   95  103   77   96  124  109  116
  122   88   81   86   86   96   83  115   76  102  115  112   80   98  106
  124  104   94   81  120  116  113  120  113   98  111  104  111   76  111
   75   96   91   83   78  120   95   94   78  105  108   80   78   96  113
  117   84  114  104  118   94  106   77  102  101   89   86  116   97   87
   85   92   76   77   78  123  110  104  119   98   99   80   78   95  105
   84   85   96  101  109   91  105   90   89  124  114   96  124   83  108
   97   75  108   99  111  114   93   77  103  106  108   98  104   88  107
   79   80  117  109  123  106  108  120   99   95  100  110   85   90   77
   95  118  109   90  109  121   76  106   86  107  101   96   98   92   91
  121   79   78  111   92   97   87   84  119   85  100   76  113  122   99
  117  106   80   91  121  105   89   87  116   92   85  106  101   86   93
  108  106   96   84   92   86  113   81   98   94  107  108  116  104  120
  111  112  110   87  106   89  121  101   99   83   91   95   85  109  122
  107   87  110  102  114   82  102  107  120  111   80  111  123   96  100
  118  113   87   86   80  109  110   87  109   99   76  103  116   91  109
    0   98    0   95    0
    0    0   75    0   86
  109   82   89   90   89
    0    0    0    0    0
  121  120   99  121   97
   99   75   88  103  113
  111  103   85  123   95
   99   96   83  112  101
  104   78  102   90  111
  114   85  117  118  118
   77  116   77  107   77
   82  103  116  112  117
  101   95   91  120   77
  113  111  109   90  108
   81  102  118   82   95
  121  118  119  116   92
   80   91  121   81  109
  101  117   80  115  100
  103   92  107  121  114
  117  102   82   89   97

  Bi   hi   su   su
           time cost
 PSIZE,CV,TBO,TSCAP,AVGCAP =      2    1    1    1    8
