   20   20
    1
 3028
 1.00 0.80  32.  50.
 1.00 1.10  54.  62.
 1.00 0.80  65.  50.
 1.00 1.00  21.  75.
 1.00 1.00  65.  25.
 1.00 1.10  65.  25.
 1.00 0.80  32.  50.
 1.00 0.90  43.  25.
 1.00 0.80  32.  25.
 1.00 1.00  65.  37.
 1.00 1.00  43.  25.
 1.00 1.00  32.  62.
 1.00 1.10  43.  37.
 1.00 1.00  32.  37.
 1.00 1.00  54.  62.
 1.00 1.20  54.  37.
 1.00 0.80  54.  62.
 1.00 0.90  43.  62.
 1.00 1.00  54.  25.
 1.00 1.00  54.  75.
    0    0   77    0  102    0    0   94    0    0    0    0    0  124   81
  118  117    0    0   85    0    0  112  107    0    0    0    0   86   80
    0   81   77   81    0    0    0    0    0  123    0    0  105    0   87
    0    0    0   91  105    0    0    0   98    0  124    0  102   89    0
  116  122   76   76  118   99   77  108   87  102  111   92  124   89   92
  114  106   79   91   85   90  120   84  116  116  113   79  109   75  121
  116   92  110   85   75   79   99  120   93   86   77   85  114   98   84
  112  111  115   76  101  112  104   80  114   90   98  116   99  102   91
  108   95  113  107  110   79   84   87  116   86   87   95  122   83  123
   97   88  112  105  116   95   80  103   83  110   92   85   77   99   83
  105   80   83   75   95   85   86   97   94   90  121   90   90   79  117
  112  123   88  114  124   99  111  118   91  123   95  100   88   92   96
   75  117  103   87   90  103   88  119   98   94  106   79   87  115   81
   81   83  117   84   86  106   93   90  102   85  103   89  122  105  113
  123   88   95  114   89   92   88  124  123   97   83  106  122  103  123
   90  100   82   98   90   91   80   79  102   90   81   79   93   82  109
  107   84  113  101  107  107   80   92  118  106   99  120   92  104   75
  115   88   76  108  100  110  107  112   86   85   88  109   92  113   81
   93   75  117  105   95  112   78   86  114   87   76  121  117   85   90
   90  123   99  124  111   77   91   94   82   98   82  120  106   83  117
    0    0   93    0  117
    0   89   92    0    0
  112    0    0    0   82
   80    0   87    0    0
   91   89  112   96  116
  120   79   86  103   76
   77  105  118   85  107
   91  122  109  106  120
  111  112   81  109  103
  119   91  113   87  109
  115  101  121   80  109
   87  116   87   92  103
   90  102   91  115   99
  105   78  114  113  118
   77   78  124  113   87
   95   81  109  101   88
   82  119  101   87  103
   76   78   82   86  124
   79  108  120   98  114
   81  117  103   82  111

  Bi   hi   su   su
           time cost
 PSIZE,CV,TBO,TSCAP,AVGCAP =      2    1    1    2    8
