   20   20
    1
 2103
 1.00 0.90   5.  75.
 1.00 0.90  17.  37.
 1.00 0.90   5.  62.
 1.00 0.90   8.  25.
 1.00 1.10   5.  50.
 1.00 0.80   5.  75.
 1.00 0.90   8.  25.
 1.00 0.90  17.  25.
 1.00 1.10   8.  75.
 1.00 0.80  11.  50.
 1.00 1.00   5.  62.
 1.00 0.90  14.  62.
 1.00 1.00   5.  37.
 1.00 0.80  14.  50.
 1.00 1.20  11.  50.
 1.00 1.20   5.  37.
 1.00 0.90   8.  75.
 1.00 0.90  17.  37.
 1.00 0.80   8.  62.
 1.00 0.90  11.  62.
    0    0    0    0    0   96    0   89   98   78    0  119    0    0  110
    0    0  124  113  114    0  114  110    0  108   92    0    0   88    0
    0  114    0    0    0    0    0    0    0  124  120    0    0    0  123
  116    0    0    0   86    0    0   90  114  103   83    0    0  105  108
   98   87   98   88   80   90  115  108   78   98  121  102   76   81   98
  106   86  105   95   82   87   82  112  111  121  102   78   90   86  106
  123   97  114   95   95  108   76  112  113   83  113  108  122   85   81
  119   82   83  108   87  121  121  107  102  104   86  116  106   81  106
  101  117   86   78   90   85  100  121   90  116  113   75   93  121  118
   95   99   84   95  102  123  114   78   98  122  106   96  102  120  116
  104   87   76  118  103   81   97   92   98   76   79   88  115  123   88
   84  120   90   77   97   80   84   86  105   91  122   88   77  113  118
   92  111  122  109  106   95  123   88   88   89   87  117   95  123  109
   99   95  101   92  103   96   80   95   90   90   77  103  109  124  113
  112  109  112   96   88   93  104  124   77   94  104   94   84   89  123
  120   84   89  121  101  124  124   75   85   78  103   98  114   93  104
  113  120  115  102  122   85   76   93  112  115   89  110   87   82  106
   78   83   96  114  107  105   75  124   90  120   88   87   82  105  121
  109  115  118   84  102   91   87   97   90  120   90  101   81  111  119
  112  115   92  115   87  102  109  110   81   75  119  111  117   85   96
    0   82  105    0    0
  112  123    0    0   85
  107    0    0    0    0
   83  123  112    0    0
   98  124  124  123   96
   88   98   81   88   97
  114   86  100  106   84
   90   79  111   86   98
  110   98   87  121  119
  110  110  105   77  111
   96  119   81   79   93
   98   78  123  108  119
   76   79   88  113  113
   89  122  110  110  107
  109  104   99  116   94
  102  105  108   81  110
   77  102  104  106   99
  104  113  112  119   85
  122  124  116   80  100
   96  107  114   99   84

  Bi   hi   su   su
           time cost
 PSIZE,CV,TBO,TSCAP,AVGCAP =      2    1    1    1    9
