   20   20
    1
 2350
 1.00 0.90  11.  75.
 1.00 1.10  14.  25.
 1.00 0.90   8.  75.
 1.00 1.00   5.  25.
 1.00 0.90   5.  25.
 1.00 1.20  14.  75.
 1.00 1.00   5.  37.
 1.00 1.10  14.  25.
 1.00 1.10   5.  25.
 1.00 0.90  11.  37.
 1.00 1.20  11.  75.
 1.00 1.10   8.  50.
 1.00 1.00  17.  62.
 1.00 1.10  11.  75.
 1.00 1.00  14.  50.
 1.00 1.10  14.  25.
 1.00 1.10  14.  75.
 1.00 1.20   8.  75.
 1.00 0.80  17.  50.
 1.00 1.20  17.  25.
   83    0   75    0   82  104    0  104    0    0    0   97    0    0    0
    0  113    0    0   89    0    0   96    0   81   85   83   80   83    0
   98    0   84  119    0  105    0   85    0   84    0    0   96    0    0
  122    0    0  121    0    0  103    0    0  110   97   83  106    0    0
  113  110  109  120   93  114   76  111  109  117   99   92  109  111   87
   81  120  118  122   81   84  119   87  116   90   75   94   76   83  115
   87  124   88  110   92   81  108  104  108  114  116  107   92   76   76
   90  115  106   96  109   97  117   92   98   76  106   87  113   76   92
  116  106   89  100   80   89  118   82  116   87   84  121   95  116  123
   80  111   75   77   88   82   97   76   93  110   79  110   85  116  111
  102   78   90   87  107   96   98  113  115   83   94  104   91   95   84
  113  108   92  122  102   98  120   97  106  107  115   79   79  106  107
   88   92  100   83   85  112   85  107  107   85   94   89   91   88  111
   93  114   79   81   78   84  106  107  121  110  120  114   96  124  110
  122  104  108  109  116  118   79  124  108   85  111   85   89  114  112
  100   83   84  100   82  123   78   81   82  110  106  101  114   88   87
   93   97   82  104  118  117   84   88  123  120   88   89   86  113   83
  124  113  117   97  124   82  124   75  109  110  113  119   82   81   99
   86   92  113   84  112   99   78  108   81  114   82   95  121  100   87
  106  107  117  112   90  110   83   79   80  112   83  120  105  120   75
   92  110   84   92   85
    0    0    0  105   79
  119  118    0    0    0
    0  109    0    0    0
  103  120   83   85  110
  121   75   76   82  108
  117   93  109   77   80
  109   78   87  120  117
   76  101  102  103  101
   88   84  109   80   80
   81   77   80   82  122
  117   95   90  114  103
  102   79   93   89  119
  120  110   77   98   78
   82   86   78   92   84
   79   85   99  109   83
  113  112  116   92  112
  103  123  124  109   92
  111  112   84   77  103
   84   80  123   87  112

  Bi   hi   su   su
           time cost
 PSIZE,CV,TBO,TSCAP,AVGCAP =      2    1    1    1    8
