   20   20
    1
 3028
 1.00 0.80  21.  50.
 1.00 1.00  43.  62.
 1.00 1.20  32.  75.
 1.00 1.00  21.  75.
 1.00 1.10  65.  37.
 1.00 1.00  54.  25.
 1.00 0.90  54.  75.
 1.00 1.10  43.  62.
 1.00 0.90  65.  50.
 1.00 1.10  54.  62.
 1.00 1.00  65.  50.
 1.00 1.20  21.  62.
 1.00 0.80  43.  50.
 1.00 0.80  43.  37.
 1.00 1.20  54.  62.
 1.00 1.00  65.  50.
 1.00 1.10  65.  50.
 1.00 0.80  21.  62.
 1.00 1.00  65.  25.
 1.00 0.80  54.  62.
    0  101  120   98    0  107  105   99    0    0    0    0    0    0    0
    0   79   85   96   95    0    0   99    0  107   89    0    0    0  120
    0    0  119    0  107    0  119  119   86  107    0    0  110   83   84
   79   96  103   94   94    0   88  112  107  118    0    0  103  103   88
  115  105   89   83   91   97  100  120  112   89   99   82   86   77   91
   99   88  124  122  113   82   80   86   95   84   76   97   83  109   87
  114   85   91   75   78   93   99   95   77  112  102  120   98   85  111
  102  117   75   85   79  112   90  108  124   95  115  117   78   79  121
   76  114   77   94  110  103  112   93  124   78   77  111   97   78  100
  118   78  122  102  120   91  106   99   75  118  111   97   77   95  117
  102   82   90  103   88   95  112  102  122   77  112  104   84   85  102
   93   90   98  119  115  116  124  110   99   96  107   91   81  118  101
  123  109  100   76  123  123   80  119  120  117  116  108  119  118  103
  117  103   83   91   87  124   84  112   94   77  118   93  102   86  115
  110   91   83   76  108   93   98   92   95   82   93  105  103  103   93
   99  100  106   84  122   98  101   93   79  112   87  115   88   77  117
   83   97  118  120   99  120   90   98  118  112  101   89  116  117   75
   82   89   92   92   91  113  111  110  120  113   94   91   76   87   80
   97  105  119   95  102   93   96  106  112  119  116   94   94  110  101
   79  115  111  122   84   75   91  120   83   78   75   92  120  115  111
    0  102  100  110   80
    0  120    0    0    0
    0    0    0    0    0
    0    0  111    0  124
   97   99  117   75   88
  112  122  101  112   87
   84   85   99  114  106
   91   97  101  104  110
   87   81  101  117  109
  104  115   80   76   90
   81  110  105  104  110
  120  101  106   99   99
   85   96   96  109  102
   89  111   92  100   83
   87   86   85   87   99
   82   82   99   91  112
   82  115   85  108  112
  100  112   90  115  107
   79   99  124   85   92
  117  110   79  106  114

  Bi   hi   su   su
           time cost
 PSIZE,CV,TBO,TSCAP,AVGCAP =      2    1    1    2    8
