   20   20
    1
 2350
 1.00 0.80  14.  25.
 1.00 1.10  17.  75.
 1.00 1.00  11.  62.
 1.00 1.10  14.  50.
 1.00 1.10  17.  50.
 1.00 0.80  11.  75.
 1.00 1.10  17.  62.
 1.00 0.90   8.  62.
 1.00 0.90   5.  62.
 1.00 1.10  17.  62.
 1.00 1.10   8.  37.
 1.00 1.20  14.  25.
 1.00 0.90  14.  25.
 1.00 1.20  17.  37.
 1.00 0.90   8.  75.
 1.00 1.20  11.  62.
 1.00 0.90  17.  75.
 1.00 1.00  17.  37.
 1.00 0.80   8.  62.
 1.00 1.00   5.  50.
    0    0  115    0   89    0    0  118  111    0   92   94  102    0  100
   93   78   85    0  101   90  113    0   99   99  102  114   87    0    0
   78    0   83  118   87    0    0   88    0   95  103   81    0  108  113
  122    0    0   93  104    0   85    0  106    0    0  106    0    0  101
  120   90   99   77   99   93  115  107   75   83  124  120   75  113   81
   83   94  108   89  109   81   86   80  107  102   82   92  102   96   83
   99   89   80   76   84  115  118  108   80  106  100   76  119  108   98
  120   89   90   90   78  110   82  106   79   93   87  109  105  107  121
   89   92   93  121  119   93  120  111  112  108   77  111  100  118   98
   79   78  104  106   80   96   89  100   89  118   87   97   81  100  103
  107   86  100  109  102  112  101  114  120   80  116   99   99  100  107
  104   83  108   80  109  112   77  106  124   86  123   85   75   83  123
  119  114   78   78  111   92  101   88   81   91  109  112  123   88   87
   94   77   93  104  102  103  100  103   94   88  114  119  120   92   81
   98   98  106   95  104  106  102   89  104  105  121  106  123   77  105
   80  113   86  105   91  120   76  117   96   98   94   82  122  122  105
  111  114  114  122  115  117   75  113   79   85  102   80   75   81  111
  115   83   96  119  106   87  116   87  116   88   94  110   98  109   93
  112   87   93  110   83   85  114   97  124   79   84   90   82   78   82
  104   90   98  113   84  122   98  100   85   95   95  113  104  123   97
    0  120    0  113    0
   81   78   88   80   83
  113    0   97    0  108
    0  114  122    0  102
   99  100  108  117   83
  118   87  120  117  114
  103  109  123  107   90
   89  113  109   96   87
   98  107  124  106   77
   90  106  109   78  114
   85   94   84   89  121
  120   84  114  104  119
   82  106   78   85  105
   85   79  107  108  115
  119  114  106   79   91
  109  111  117   84   87
  116  101   86   94   76
  118   95  113   83   85
   86   75  121   77  121
  109   99  102  115   89

  Bi   hi   su   su
           time cost
 PSIZE,CV,TBO,TSCAP,AVGCAP =      2    1    1    1    8
