   20   20
    1
 3432
 1.00 1.20  43.  25.
 1.00 1.00  43.  75.
 1.00 1.20  32.  37.
 1.00 0.80  65.  37.
 1.00 0.80  21.  25.
 1.00 0.90  65.  62.
 1.00 0.90  43.  75.
 1.00 0.90  32.  25.
 1.00 1.00  32.  62.
 1.00 0.80  21.  25.
 1.00 0.90  65.  62.
 1.00 1.00  54.  50.
 1.00 1.20  43.  62.
 1.00 1.00  65.  50.
 1.00 1.00  21.  75.
 1.00 0.90  32.  75.
 1.00 1.00  32.  62.
 1.00 1.00  43.  50.
 1.00 1.20  54.  62.
 1.00 1.20  43.  50.
  103  117    0   82   83    0  110    0   75   87   92    0    0  108  104
   78    0    0  100   76   88   92  104    0    0  121  113   88    0    0
    0    0  113  114  108    0    0    0    0  117    0  104    0    0   93
    0  107   92   77    0  122   75   95    0    0   88   93    0  118    0
   92  114   84   83   95  107  102  106   88  119   98   97   94   89  115
  105  105   85  112   86   87   96   83  116  122  103  124   79   83   88
  109  118  105  117   77   92  104   78   99   78  114  112   82   86   75
  121   96  118   83   94  107  109  120   91  106  103   95   95   86  114
   87  107   89  117   80  117  107  111  104   90  121   91   96   97   86
  101   76   86  124   94  115  101   87   77   79   79  108  120   99   96
   81  107   95  118   86  119  116   99   93   96   79   92   75   98  102
   85  100  123   99  118   81   89  104  109  116  118   77  111   99   89
  122  110   89   76  100  101   77   91  102   75   97   99   87  115   86
  117   88   83  107   78  102   98  117   85  119  124  111  106   98   92
  114  119  124  114  119  101   83  104  110  124   82  103  108   97   97
  119  111   90  120   83  110   93   86  102   76  101  107   80   88  107
  121  107   77   96  121   94   85   86  106   90   83   85  107  115  102
  124   99  108   77  113  117   97  102  106  116  118   78   93   96   79
  124  102   78   90   84   87  119  106  109  107  120   77   75  106   90
   92  100  104   99  114   79  105  103  107  111  111   77   86  123   91
    0    0   81   88    0
    0    0    0    0  120
    0  108    0    0    0
    0    0  111    0   99
  115   96  115   82   93
   75  107   97   76   91
   80  101  119   90   89
   85   93   79   88  117
  124   92   80   97  101
   83   85  113   89   99
   95  109   81  108   99
  104  103   84  123  104
   94  124   76  113  121
  121  123   94   92  101
   79   84   93   88   96
   88   85  114   94  114
   96  108  101  115   75
   94   88   84  111   91
   79  117  116  105   83
  110  122   95   76  110

  Bi   hi   su   su
           time cost
 PSIZE,CV,TBO,TSCAP,AVGCAP =      2    1    1    2    7
