   20   20
    1
 1998
 1.00 0.90  17. 200.
 1.00 1.20   8. 250.
 1.00 0.90  14. 300.
 1.00 0.90   8. 100.
 1.00 1.00  14. 200.
 1.00 1.20  11. 300.
 1.00 1.10   8. 100.
 1.00 0.90  17. 200.
 1.00 0.80  17. 200.
 1.00 1.10  11. 250.
 1.00 1.10  11. 150.
 1.00 1.00   8. 300.
 1.00 0.90  17. 100.
 1.00 0.80  11. 150.
 1.00 1.10  11. 250.
 1.00 0.80  14. 300.
 1.00 1.10  14. 100.
 1.00 1.20   8. 250.
 1.00 0.90   5. 100.
 1.00 0.80  14. 300.
    0    0   82  117    0    0    0    0  102    0  113  114  105   98    0
  123  119    0    0    0  102  102    0    0    0   98   86    0    0   93
    0    0   82    0    0  105    0   86   95   78   95  105    0    0    0
    0    0   92   79  116    0  114    0    0    0    0   99   85  105    0
   97   90   76   93  114  102  107  124  100   95  117  107   81   97   91
  123  116  117  123  119   82  114  121  109   93  117   95  122  109  104
   97  112  112   79  115  112   76  102  106  118   78  121  102  101  114
  116   80  124   97   81  119  105   88  123  123  102  110   89   90   89
   95  102  118  111   75  102  121   75   78   87  121  116   78   86  110
  118   88  106  123   80  119   75  119  112   95   86   86   93  124  109
  119   77   83  101   93  108   92  119  111   96  118  101  118   91   76
   84  104  102   81  103   75   87   96   87  109  103   99  119   88  120
   99  107  123   94  119   95   82   91   96  117  121  113   86  102   77
   86  109  109   81  105   78   95  101  122  107  102   81  106   88   94
   80   75   81  110  112   89   86  109  113  102  110   88   93  102   85
  119   86  108  107   77  123  116   94  116  110  104   99   85  105   99
  102  117  106   76  102  107   98  110   96  122  104   76   90  106  109
   98  100   86  100  111  112   82   89   93   97  107   86   96   88   99
  100  102   87   93  113  102  108   83   99   77   84  107  119   76  119
  105   85   82   77  123  116  113  101  102  107  119  123   88   86   76
    0   77  107   84    0
    0  115    0    0  103
  104    0    0    0   88
    0    0    0    0    0
   79   99  122   79  118
  104  114   95   93   99
  117   91   76   89   97
   76   99   99   99  103
  117   93  107  117   88
  117  122   95   76   85
   85  123   94   95   89
  100   77  123  120   86
   79   82   79   81   78
  112  108   98  106   95
  104   97   76   88   96
   81   82  113  117  119
  122   82   85  119   75
   85  104   96  122   76
  110  112  111  123   92
   78   84   96  109  104

  Bi   hi   su   su
           time cost
 PSIZE,CV,TBO,TSCAP,AVGCAP =      2    1    2    1    9
