   20   20
    1
 2532
 1.00 0.80  11. 100.
 1.00 1.10  11. 250.
 1.00 1.20   8. 150.
 1.00 1.10  14. 150.
 1.00 1.00   5. 100.
 1.00 1.10  14. 150.
 1.00 0.90  11. 150.
 1.00 1.10  17. 200.
 1.00 0.80   5. 200.
 1.00 0.90  11. 200.
 1.00 0.90   5. 300.
 1.00 0.90   8. 200.
 1.00 1.00  14. 100.
 1.00 1.00  17. 100.
 1.00 1.10   5. 200.
 1.00 0.90   5. 150.
 1.00 1.10  17. 150.
 1.00 0.90  11. 100.
 1.00 1.10   5. 200.
 1.00 0.80   5. 150.
    0  113  109   99   76  123    0  108   80    0   93    0    0   87  116
    0  112    0  113  124    0    0  119  124    0    0    0    0    0  108
   87   99    0  101    0    0   75    0   75  100  112   86  113   81   78
    0  101   80   84   80  124    0    0   92  120  120    0  119   94    0
  118   83  102   96   84  123  109   94   79   75   90  112   92   91  113
   90   84   92   83  121  103   83   88   78  120   94   95   88   80   84
  120   86  103   79  117  114  122   91   83  122  113   78  104  107   82
  121   91  118  113   83  113  110  103  119   78   87  116   92  114   83
   86  118  110  115  111   93  104   98  109   90  108  122  105  116  120
  104  115  102   98   96  118   79   75   82  121  111  123   94  120   78
  121  108   82   95  117  108   87  124   88  110   97   86  121   80  108
  111  122  114  108   91   95   90   89  119   90   86  102  123  106   84
  122   82   90  102   84  121   97  102  105  113   82   82   98   89  108
   88   78   78  109   85  102   80   76   82  111  103   86  104   83  102
  105  110  121   87  122   77   86  118  107  105  101  113   90  124  111
  119   86   81  112   76  124   89   87  120  115  102   98  122  111  122
  122   90  109   76   94  123  117   95   95  108   79  120   88   88   84
  112  103  101  107   82   95  124   90  123  105   76   81  101  107  108
   81  104   76  112  112   77  107   80   91  124   97   79   79  116  110
   80  105   89  108   83   94  110   96   79   92   78  112  104   78   99
    0    0    0    0    0
    0   97   82    0    0
    0    0    0    0   84
   98   78  119    0    0
   91   82  122  122   78
   84   97  113  122   93
  104  114   97   78   79
  104  114   96   98   89
   92   80   99  109  104
   82   85  121   90   88
  105   93   98   87  101
   96  108   99  108   75
   77   89   89   77  108
  101   88   85  111   83
  102  102   92  112  102
   84  100   82   77  124
  108   78  118   82  121
   90  117  117  112  113
  109  102   91   90  118
   79  112   95  103  103

  Bi   hi   su   su
           time cost
 PSIZE,CV,TBO,TSCAP,AVGCAP =      2    1    2    1    7
