   20   20
    1
 2302
 1.00 0.90  65. 200.
 1.00 1.10  65. 300.
 1.00 1.20  32. 150.
 1.00 1.10  32. 150.
 1.00 0.80  54. 100.
 1.00 1.00  32. 150.
 1.00 1.20  43. 200.
 1.00 0.90  21. 300.
 1.00 0.90  32. 300.
 1.00 0.80  32. 300.
 1.00 1.20  21. 150.
 1.00 0.80  65. 100.
 1.00 1.20  32. 300.
 1.00 1.10  21. 100.
 1.00 0.80  54. 300.
 1.00 1.00  54. 150.
 1.00 1.10  21. 200.
 1.00 1.00  21. 100.
 1.00 0.90  65. 300.
 1.00 0.90  43. 200.
   75    0    0    0    0    0  103   80   90  121    0    0  100  113    0
   77  102    0   79   82   80    0    0   85  108    0    0    0  104   82
    0  102   97    0    0  109    0   78    0    0    0   92    0  110    0
    0  120    0    0    0  124    0   92    0   84   91   83    0    0   82
   86   85   87  104  122  115   91   92   76   79   84   91   92  121  100
  106   79  118  117   84  113  104  124   99   86   86   94   76  117   91
   98  109   91   85   93   83  108   83   99   85   82   76  109  107   89
   82   86   75  122   88  122  111  124   93   83   84  108  118   90  115
  115   87  119  107  116   84  119   90  106  107  121  107   83   79   77
  122  102   92  114   85   92  120   96  103   91   81  109  112  121   97
   98   87   98   90  117  116  109  104  106   77  104  111   80  109  113
  112  110   92   78   90   85   93   84   94   94  111  123   98  112   81
   77   92  100  107   87  103  117   99   89  104  102  110   86   99  108
  100   96  123  110  104  120   76   92  107   98   86   93  122  124  113
  103   98  113   90   99  123   78  113  100  104   94   81  120  118   96
  103  109  106   85  102   83  124  118  114  119   94   75   83  116   77
  123  101  110  120  109  121  100   88  115   75   78   91   88  113  110
   97   89   92   96   82   84  113  103   97   81   96   81   81  105   82
   93  107  114  122  112   75   96   93  113  122   98   92  124   86  101
   97   80  110  123   75  118  108   83  123  117  119  124  116  106  112
    0    0    0  106    0
  100    0    0   98   97
  113    0   91   79    0
    0   75    0  115    0
  118  123   93  109   77
  105   95   86  113   85
   96  111   89  115  112
  109   91   86   96   87
  103  107   91  121  106
  123  121  119   92   88
   77  124   77   90   97
   81  104   80   86   94
   77  116   76  123   77
  116  112  124  113   89
  114  108   89   83   94
   82   95  121  124  123
   81  123   84   97  109
  118   92  100  104  101
  114   96  122  121  124
   92   88   75  109  105

  Bi   hi   su   su
           time cost
 PSIZE,CV,TBO,TSCAP,AVGCAP =      2    1    2    2    9
