   20   20
    1
 2234
 1.00 1.00  11. 200.
 1.00 1.00   5. 150.
 1.00 1.20  17. 200.
 1.00 1.00   5. 150.
 1.00 1.20  17. 100.
 1.00 0.90  14. 100.
 1.00 1.00  11. 150.
 1.00 0.90  14. 100.
 1.00 1.10   8. 100.
 1.00 0.90   5. 300.
 1.00 1.20  17. 300.
 1.00 1.00   5. 200.
 1.00 1.10   8. 250.
 1.00 0.90  17. 100.
 1.00 1.20  17. 300.
 1.00 1.20  17. 200.
 1.00 1.20   5. 150.
 1.00 1.10  17. 300.
 1.00 1.20   8. 150.
 1.00 1.00   8. 200.
    0   88    0    0    0    0    0    0    0    0    0  114  104   90    0
  105    0  109    0    0  119   82    0    0    0   81   85   78    0  110
    0    0  113  110    0    0  115    0   75    0    0  121    0  122   95
    0  112    0    0   86   78   91    0    0   94    0    0    0   81    0
   82   75  109  111   93   75  113   82   81   98   90   92   86  112   77
   75   80  103   82  105  120  124  100  121   91   92  118  111  124  121
  116   90   80   75  122   85   81  117   99   88  101   97  123   98  115
  121   88  106   78  109   89   76   99   97  116   86   77   92   95  107
  114   76  110  109   94   98   84  103  101  103   83   89   84   99  122
  106   78  109   78  116  120  113   92  107  124  100   97   80  115  102
  121  107  104  116  107  115   76  108   94   79  105  102   99   76  100
  104   76  114   80  107  104   95   92  119  115   84   80  119   75  117
   81   81  103  120   88  114  121   86  118  111  102  122  110  107   93
   86   77   89   88  122  115  119  111   95   85   83   83  101   91   99
   90   87  104   75   86   86   91  122   90  111   88  109   95  100  114
   76   99  101  110   95  123   86  106   97  109  119   89  102   90   89
   89   99   80  121   80  113   82  109   96  111  116  123   86  102  120
  102   88  121  111   76   86   81  107   97  105   94  107   80  114   92
  107   79  105  106   92   88  100   92   76   82  100   99  120  117   92
   91   97  102  108  100   90  102   81   86   85   78  105  109  116  113
    0   98    0    0    0
    0  112    0    0  108
  105    0  102  107    0
   78  111   94    0    0
  108   82  117   93   85
  110   95   75   75  119
   92  117   79  107  113
  103  108   95   90   88
   76   79   90   78  104
   96   83  116   77   77
   97  109   96  108   76
  102  108  122  115  112
   79  113   96   76   97
  113   76  119  106  116
  124   76   93  109   99
  124  115  124   96   93
   97  105  100  115  103
  124  111   83   97  124
  105  108  104  109   98
  106  105  108   76   84

  Bi   hi   su   su
           time cost
 PSIZE,CV,TBO,TSCAP,AVGCAP =      2    1    2    1    8
