   20   20
    1
 2572
 1.00 1.20  43. 250.
 1.00 1.20  43. 100.
 1.00 1.00  32. 100.
 1.00 1.00  21. 250.
 1.00 1.00  65. 300.
 1.00 1.20  21. 150.
 1.00 0.90  54. 150.
 1.00 1.20  43. 250.
 1.00 1.00  43. 150.
 1.00 1.20  54. 250.
 1.00 1.10  21. 200.
 1.00 0.90  43. 300.
 1.00 1.20  54. 100.
 1.00 0.90  21. 200.
 1.00 1.20  54. 200.
 1.00 0.90  21. 250.
 1.00 1.00  21. 200.
 1.00 1.10  65. 250.
 1.00 0.90  43. 100.
 1.00 0.90  54. 100.
  124   78   80    0   88    0    0    0   99   97  117    0   86    0    0
   76  118  100    0    0    0    0    0    0    0    0    0    0  108  123
  121    0    0    0    0  103    0    0  109    0    0    0   79   96  103
    0    0    0    0  112    0    0  101    0    0    0   96  105  108    0
   91  110  118  103  101   83   77  113  115  108   79   99  118  103  108
  121  107  107   81  124   85   96   95   99   84  120   91  102  101  111
   90   88  110  104   94  108  118   84  106  109   82  107   86   79   94
   97   98  111  120  106  103  120  115   78   94   98  110  115  107  100
  100   97  109   93  117   93  112  115   90  115  103  107   89  117   77
  109   83   95  111   96  120  116   86   81  113   79   85   97  107  109
  115  103  100   76   90  103   93   85  100  120   88  109   97  113   89
  109  104   76  111  112  103  105  123   89  100   83   86  113   85   98
  112   98   97  119   99   77  107   81  121   75  106   90   80  124   93
  121   91  121   86   91  114   88   90   94   90   94   96   97   84   89
   88  124   78  120   96   77   78  118   87   97   84  112   98  122   85
  106  110   81   96   86  107   98  107   83  104  107   88  107   84  111
   84   99  122  101  115   95  111  124   94   88   83  100   93   85  120
  107  108   92  121   98  104  110   99  121   93   82   82   96   76  100
  118   76   86   76   84  113  105  124  119  124   88  107   84  114  105
  119   76   96   79  117  116   87  113  124   84   82   85  117  119  121
    0    0   78    0   93
   92    0    0    0    0
  123   77   99   90    0
   83    0    0    0    0
  119  119   90  107  114
  102   76  104   75  105
   96  119  105   85   86
   93  112   95  103   76
   96  115   87   98   89
   93   92  110   83   85
  124  118   97   96   96
  109  111  118  114  112
  105   84  101   82  123
   77  108   87   98   95
  109  120  116   85   79
   93   76  123   77   99
   85   98  104  111   79
  102  109  111   89  116
  121   82  117   93   80
  123  118  100   90  124

  Bi   hi   su   su
           time cost
 PSIZE,CV,TBO,TSCAP,AVGCAP =      2    1    2    2    8
