   20   20
    1
 1998
 1.00 1.10  17. 100.
 1.00 0.90  14. 150.
 1.00 1.00  14. 300.
 1.00 0.90   8. 250.
 1.00 0.90   8. 150.
 1.00 1.20   5. 100.
 1.00 1.10  17. 150.
 1.00 0.80  14. 200.
 1.00 1.10   8. 200.
 1.00 0.80  11. 100.
 1.00 1.10  14. 250.
 1.00 1.10  14. 100.
 1.00 1.00  17. 150.
 1.00 0.80   8. 250.
 1.00 1.00   5. 300.
 1.00 1.00   5. 100.
 1.00 0.80   8. 300.
 1.00 1.20  11. 100.
 1.00 0.80   8. 300.
 1.00 1.10   8. 100.
    0    0    0   77    0    0    0    0   89   94  103    0    0  122    0
   95    0    0   84   98    0   91   93    0    0    0   83  116   81   75
    0    0    0    0    0  115  115   98    0   83    0    0   85    0    0
    0  110    0  106  119    0   87    0    0  105    0  120    0    0    0
   99  109   84  123  106  110  104  100   91  104   93  104  122   90   90
  107   85  116  106   92   81  108   99   82  115   78  115  113  109  102
  108   90   95   96  112   97  119  122  103  101   82   96  120   93  108
  110  116  114  124   80  110  122  117   77   93  107   90  124  111   77
  114  109   97  114   93  108  120   77  119   99  123   85   93   84  119
  104  123  120   87   82  104  119  100   79  112   91  120   75   86   92
   92   83   89   90   86  104   84   83   91   95   91  119  123  105   82
  113   99  100   77   99   91  107   76   88   97  121   91  123   93   86
  111  119   95   78  117   77  119   99  103  122   99  101   86   97   92
   99   88   94  113   86  106   94   97   76   94  116   79   91  123  117
   99  103  118  102   76   77   77  116   81  104  124  103   85  100  115
   89  121  101   97   75   84   79  110   81  100  104   95  117  101   77
   77   91   89  113  104  123  119  103  120  112   92   91   84   84   92
  102  118  110   90   81  124   83   82   89   96  116  111  116   83   87
   90  109   77   84  105  110   87  109  103  123  102   85  109  122   97
   82   82  100   94  115   81  108   98   79  101   78   99   82  105   78
  108  123  115   78  121
  124    0  110   97    0
    0    0  109    0    0
   88    0    0  121    0
   75   89  109   84  124
  112   77  109   88  120
  119  118   81   89  105
  121  105  120  117  122
   86   80  107  104   93
  118  109  110   89  120
   90  103   89   99   78
   80  102   77   86  119
   75   75  120  118  124
  115   82  115   76   81
  109  110   82  105  123
  114  120   80   91   75
   84  104  100  120   86
  122  123  107   90   75
  122   91  115   97  120
   91   89   84  105  104

  Bi   hi   su   su
           time cost
 PSIZE,CV,TBO,TSCAP,AVGCAP =      2    1    2    1    9
