   20   20
    1
 2572
 1.00 1.00  32. 250.
 1.00 0.90  21. 100.
 1.00 1.10  54. 250.
 1.00 0.90  32. 200.
 1.00 0.80  54. 200.
 1.00 0.90  54. 150.
 1.00 0.90  21. 200.
 1.00 1.00  65. 100.
 1.00 1.10  65. 250.
 1.00 0.80  32. 200.
 1.00 1.10  54. 250.
 1.00 1.20  32. 300.
 1.00 0.80  54. 300.
 1.00 1.20  21. 250.
 1.00 1.00  32. 250.
 1.00 1.20  21. 300.
 1.00 1.10  21. 250.
 1.00 1.10  32. 100.
 1.00 1.20  32. 100.
 1.00 0.80  54. 250.
    0    0   90   90   77    0    0    0    0  102    0   78   85    0   91
    0    0  104    0   80    0    0    0    0  114    0  123  111    0    0
  109   98    0   99   94    0  101   80  108  113    0    0    0  121   95
   88  108    0   97  110    0    0  111    0   80    0    0    0    0    0
   81   95   79  121   92  123  111   85  112   89   79  119   77   79   80
  114   94   86   96   88  123  116  116   90   82   80   91   76   85  124
  113  111  116   78  105  114   86  101  116   80   98   99  109   81   83
   90   94   97  101   75  103   79  111   86   92  120   94   90   93   85
  104   97   75  110  111   87  124   86  101  117   82   75  111  117  110
   88  101  100   91   85   90  124  107   78  103  101   80   86   92  122
   91  109   86   90  112   88  123  124   82   75  110  111  110   95  124
  102   84  105  105  113  108   96  112   99  124   93   76  123   75  116
  107  103  117  116   85  123  101  103   85  123  101   82   93  108  124
   75   87   96   82  110   98  117   79  111   81  119  108  101  121  104
  115  114   85  121   80   88  101  101   96   95  101   94   82  120  108
  112  121  124  102  101  117   82  100   97   84   87  111  114   91  120
   91  108  105  119  115  115   91  121   85  108  116  105  104   82   75
  104   76  112  115  120  117   94  112   79   76   90  103   95   96   89
   87   96   81   99  100   83  112   98  101   94   84  109   76  101  107
  115  105   92   90   82   85  117  117   90   98  109   93   88   92  102
    0   84    0   88    0
    0    0   91  114   87
    0   95  117  107    0
    0    0  123    0    0
  117  109   93   97  108
  103  110   81  121   77
  119   92  107  124  104
   78   97  114   77   93
  103  112  121  124  122
   76   81   98   94   81
   95   90   88  111  106
   97  116   81  106   85
   96   92  114  109  116
  119  118   81   86   92
  119   93   92   80   99
  100   94   97   96  102
  111  122   88   76  109
  101   87   76  122  118
   79   78  110   86  100
  120  118   97  122  115

  Bi   hi   su   su
           time cost
 PSIZE,CV,TBO,TSCAP,AVGCAP =      2    1    2    2    8
