   20   20
    1
 2234
 1.00 0.80  17. 200.
 1.00 1.00  17. 250.
 1.00 1.00  17. 250.
 1.00 1.10   5. 300.
 1.00 1.00  11. 150.
 1.00 0.80  14. 250.
 1.00 0.80  17. 300.
 1.00 1.00   8. 300.
 1.00 1.10  17. 100.
 1.00 1.10   8. 200.
 1.00 1.10  11. 150.
 1.00 0.80  14. 150.
 1.00 1.20  14. 200.
 1.00 0.90   5. 150.
 1.00 1.20   5. 300.
 1.00 0.90  17. 150.
 1.00 0.90  14. 200.
 1.00 0.80  17. 100.
 1.00 1.10   8. 250.
 1.00 1.20  11. 300.
  111   89    0    0  103    0    0    0   95   80  123   97    0    0   88
    0    0    0   78    0  114   80  116   98  121    0    0    0  110  112
    0  121  111  102    0   76    0  109  123    0    0    0  118   77    0
   90   85    0    0   87    0    0   97    0  106    0    0    0    0    0
   75   78   87  116   94  118   95  107   78   98   78   92   89  103  104
  108   76   84  119   86   85   83   77  119   96   80   98  104  112  109
  107  111  104   88  116   76   99   93   96   78  109   85  105   99  102
  107  107   82   80   86   95   81   86   86   95   78  119   91  113   86
   98   90   97  107  109   90   87  108   99  112  117   80  115   96  110
  114   89   91   88  110   94  115  102   78   84  103   96   75   93  122
  111  116  103   90   80  120   76   93  116  113  100  103   89  100   82
   79  120   82  107   87   78   84   97  114   97  100   96  124   87   79
   90  121   87  124   89  115  116  120   89  123  108  122  108   82   91
  103  111   84  109   76  100  106   78  113  103  118  102   95   85   80
   94   81  119  109  111  112   84   75   99  100  108   92  115  118  108
   87  107   92   99   80  124   96  118   80   78   97  116   88   92  102
   93  123  100   76  115   85   85   88  111  106  100  107   83  109   84
  113   92   85   79  104   98  107   79   80  121   78  101   88   77  120
   98  110  117   92   77   83  101   97   98  109   89  122  108  104  109
   87  118  106   94  121  107   78   80   77   85  117  112  111  122   87
   87    0    0    0    0
   91  121   78    0    0
    0   92  111    0   96
    0  101   93    0    0
  121  109  111   93   78
  104   82   97   80  117
  120   93  109  123  111
  105   89   85  108  116
   87   79   95   93   98
  121   98   84   79  116
  107   84  118  121   84
   90  123  105   76  108
  104   89  121   95  117
  114   96   98   92   91
   86  118  107   80   85
   96   88   93  103  122
  124  110   97   88   85
  104  118  121   75  107
  123  107  109  101  108
   93  117  117   94  109

  Bi   hi   su   su
           time cost
 PSIZE,CV,TBO,TSCAP,AVGCAP =      2    1    2    1    8
