   20   20
    1
 2916
 1.00 1.10  32. 150.
 1.00 0.80  54. 200.
 1.00 1.20  32. 250.
 1.00 1.20  21. 250.
 1.00 1.20  43. 150.
 1.00 1.20  21. 250.
 1.00 1.10  54. 200.
 1.00 1.00  54. 200.
 1.00 1.10  21. 200.
 1.00 1.00  21. 100.
 1.00 1.10  54. 100.
 1.00 1.00  65. 150.
 1.00 1.20  21. 200.
 1.00 1.20  21. 100.
 1.00 0.90  21. 150.
 1.00 0.80  43. 200.
 1.00 1.20  65. 100.
 1.00 1.00  32. 250.
 1.00 1.00  32. 100.
 1.00 1.20  32. 250.
   93  106   81  106    0    0    0    0    0    0  113    0   86   92    0
  113   75   90  108  124   92    0   75    0  117  106    0    0  121    0
   87    0    0    0   95    0  121  115    0  109    0  121    0    0    0
   96   77   82    0    0    0   86    0   75    0    0  106   86    0    0
  111   89  111  100  113  118   78   94  100  121   88   84  111   87   98
  104  122   92   87   96   75  120  118   76  106   82  106   81   82  110
  111   98   81   85   81  121   76   80   99  107  123  123   75   87   94
   92   80  106   97   85  117  114  103  107  114   78   97  118  119  116
   93   97   83   78  121  100  119   99   76   77  124  124  100   89  121
  123  105  101  118   91  119   91   84  106  110   86   78   91   82   91
   96  119  107   96   99   78   83   96  118   99   87   86   88   96   77
   83   97  122  117   75  107   99  115   87   92  113  105  100  110   80
   76   80   94   82  100   96  102  112   98  120  105   95   88  102  102
   82  123   75  109  113   81   95   82   90   97  109  100  103  118  124
  111  101   97  101  104   85  115  106  116  121   92  120   99  115  114
  112  110   93   84  116  119   85   81  118  106   98   93   97   88  109
   75  109  108  102   96  113   77  122  118  103  109   95   80   82  119
   88   82   95  121  105  118  106   76  120  111  104  118  114   89   93
  106  122  101  115   98  120   75  114   85   95   94   98  112  102   91
   93   75  108  107   76  119  103   99  121   98  105  117  101   82   93
    0    0  112   89    0
    0    0    0    0   87
  102   82  116   83   93
  111   87    0    0    0
   95  109  112   98   76
   99  118   79  124  108
  123  119  106   90   84
  120   88  117   88  109
  104   88  106   77   79
  104   86   94   83  101
   97   79  110   77   98
  117  110   99   96   80
   94  100  119   77   80
  123  120  109   95  104
  112   83  120  101   76
   96  108   98   79  100
  101  109   92  111  118
   95  100   87   82  111
   89  110   90   78  102
  107  116   86   81  110

  Bi   hi   su   su
           time cost
 PSIZE,CV,TBO,TSCAP,AVGCAP =      2    1    2    2    7
