   20   20
    1
 2916
 1.00 1.10  32. 100.
 1.00 1.10  54. 300.
 1.00 0.80  32. 150.
 1.00 0.90  54. 200.
 1.00 1.00  32. 250.
 1.00 1.00  65. 250.
 1.00 1.00  65. 150.
 1.00 1.00  21. 100.
 1.00 1.00  54. 200.
 1.00 1.00  65. 100.
 1.00 1.10  65. 100.
 1.00 0.90  65. 200.
 1.00 0.90  43. 200.
 1.00 1.20  43. 250.
 1.00 1.20  21. 250.
 1.00 0.80  32. 150.
 1.00 0.80  21. 150.
 1.00 0.90  43. 300.
 1.00 1.00  32. 200.
 1.00 1.20  43. 100.
   94    0    0    0  111    0   92  123    0   91    0    0  111    0    0
  119   95    0  112  103   81  120    0  105    0    0    0    0  100   93
    0    0   92    0  105  123    0    0   75  116  104   96   98    0    0
   84    0  122    0    0    0   90    0   91    0   75  110  112    0  119
   79   92   84  124  117  108   92  117   78   76  106   79  117  120  106
   88  114  124   97  104  117  113   90  102   87   96   76   99   95   81
   92  107   96  123   81   77   80   83   76  107   93   82   77  121  112
  118   85   87  105   80   79   99  118  104   88  111  102   76  122   77
   92  120  118  124  121  110  121  111   78  100   82   81   95   77   85
   83   77  111   98  107  105   96  116   93   89  123  110   80  118  108
   76   97   84  109   81  106   88   99   85   77   98   77  117   82   75
  119   79   97  108   87   99   99   98   95  113  103   95   75   97   92
  111   97   76  114   78  124  116  111   86   95   88  122  116  121   95
  123  102   82   93  104  124   77   93  100  103  115   78   94  101  101
   82   98   88  101   99  108   80  103   81  124   94   82  124   82   77
   80  102  124  118   92   97  116  109  106   84   99  123  104  100   91
   75   84   76  101  104   88  110  100   99  119  112   98  122   83  124
  100   77  100   91  106  102  111  124   95  118  110   95  122  104  107
  116   87   95  118  115   94   77   92   98  103  124  113  115  105  115
  110   79   88  115  122  111  119   95   76   81  104   76  116   88   96
  113    0    0    0   94
   85    0    0    0   85
  123  123   77  101    0
    0    0    0    0    0
  106   89   99   78  110
  109  105   87  116   93
   79   75   83  119   98
   80   90  117  113  121
  111   79  106  103   75
  112   79  115  109  113
  112   77   83  103  103
  105  110   92  102  118
  115  121  121  109  117
  123  116   89  100   82
  117   86   78   89   81
   84   86  106   98   94
  116  107   92  104  106
   81  118  110  113   76
   92   88  124   81   90
  121  115  100   86   82

  Bi   hi   su   su
           time cost
 PSIZE,CV,TBO,TSCAP,AVGCAP =      2    1    2    2    7
