   20   20
    1
 2234
 1.00 1.20  17. 100.
 1.00 1.00  17. 300.
 1.00 0.80  11. 200.
 1.00 1.00  17. 150.
 1.00 1.00   8. 150.
 1.00 1.10   5. 100.
 1.00 1.00  14. 200.
 1.00 1.00  17. 150.
 1.00 1.10  14. 200.
 1.00 1.20  14. 150.
 1.00 1.10  17. 100.
 1.00 0.80  17. 100.
 1.00 1.00  11. 250.
 1.00 1.10  14. 100.
 1.00 0.90  14. 300.
 1.00 1.20  14. 250.
 1.00 0.80  11. 200.
 1.00 0.80   5. 250.
 1.00 1.00  11. 150.
 1.00 0.90   8. 100.
    0   87    0   78    0  117   85  118    0  105   78   95    0    0    0
    0    0  112    0    0    0    0  103  119   81    0   99   82  108   97
    0    0  118    0   85  105    0    0  101    0   93    0    0    0    0
  108  107   77  123    0    0    0    0    0    0    0    0   80    0   75
  110  113  123  103  118   96   94  122  113   82  105  123   84  119   80
   95   75   98  103  100  106  104  123  123   78  108   75  102  122   81
   84  100   76   94  116  108   97   93   88  113  117   90  103   86   83
   91  114  114   97   76  116   86   89  102   98   97  123   96  102   89
  117   87   84  119   83  118   86  117  100  123   75   88   98   82  115
   80   75   82  114  123   95  120   99   92   88  103  107   90  104   94
  117   95   93  121   93   76  120  115  105   87  124   78  101   92  119
   77   95  116   98   94   80  111  121   81  116   96   82   77   75  108
  112   98   96  114  108  114   91   75   82  116   85  100  118  123  120
  100   83  110   88   91   97  120   87  104   75   82  119   96   88   93
  112   97  123   92   87  118   95   88  102  106  116  118   80   80  111
  116  105  109  112   93  121   94  103   86  108  108   77   94  103   86
  102   79  119   80   77   86  118  115  122   79   96  101   81   91  110
   76  107   88  108   87  124   87   80   94   79   87  102  119  112   92
   90   99   76   95   75  102  117   79   86  100  115   76   80   99  108
  123   80   97   97  103  114  104  117  107  111   84   81   78   88   78
   90    0    0    0    0
    0  117    0    0   96
   83    0    0   87   91
    0    0    0  118  122
  100  116   88  119  103
  107   93   82  106   78
  121  103  108  120   98
  105  107  100   95  124
   79   99  117  122   95
   85  116  110   82  103
   90  109  120   91   79
  100   93  105  107   99
   84  115  113  107   92
  103   93  110  106   78
   77  114  118   95  111
  110  114   98   84  104
  118  121   81  116   95
  119   87   90  103   87
  102  100  105  102   76
  119   88   98   86   86

  Bi   hi   su   su
           time cost
 PSIZE,CV,TBO,TSCAP,AVGCAP =      2    1    2    1    8
