   20   20
    1
 1998
 1.00 0.80   5. 250.
 1.00 1.20   8. 200.
 1.00 1.00   8. 200.
 1.00 0.90  11. 150.
 1.00 1.10  17. 200.
 1.00 1.20  17. 100.
 1.00 0.80  11. 300.
 1.00 1.20   8. 100.
 1.00 0.80  14. 200.
 1.00 1.10   8. 100.
 1.00 0.80   5. 200.
 1.00 0.80  17. 150.
 1.00 1.00  17. 200.
 1.00 1.00  14. 300.
 1.00 0.80  11. 250.
 1.00 1.10  17. 100.
 1.00 1.00   5. 250.
 1.00 1.10  11. 150.
 1.00 1.00  17. 300.
 1.00 1.10  11. 300.
  101    0   81    0   78    0    0   79    0    0   80    0    0  100  118
  105    0  113   75    0  118  120    0   77  106  124    0  100    0   94
    0    0   97  121    0    0    0  114    0    0   83    0  117    0    0
    0    0   76   86    0    0    0   99  105    0    0    0    0    0  124
  106   84  122  100   81   96   84   98  120  122   95  105  118   82  121
   93   79  109   78  110   93  105   81   86   82  117   89  116  122  121
   87  118  105   92  118  104   85  119  122   77   83  104  114  120   79
   92   97  115   80  104   87  102  110   91   77   94  109   98   93   97
   96   81  100  111  108   83   75  102  121   98   77   88   83  100   92
   97  101  101  123   90  100   80  114   97   75   83  121  104  112   82
   98  122   84   98  120  100   77   94  112  109  105   84   75   97   91
  112   81   87   86   87   93  115   83  123  115   80   81  117   97  104
  107  117  113  117  124   76  113  124  106   99   77  103  112  111  124
  120   90  101   79   78  108   78   96  111  119   92   87   91  116  102
   95  101   92  124  116  105  107  103  112  113   80  121   80  108  106
   83   75   95   86   89  105  115  114  116  106   87  116   91   87   99
   76  121  113   88   88   89   88   76  112  119  114  104  121   78  103
  124  122  115  111  124  100  116  109   80   75   77   85  115  100  111
   98   80   80  109  115   92   91  110  119   76  104  120  102   85   80
  110  112   91  112   84  105  105  111   97   75  109  114  105  122   84
    0  117    0   96    0
    0  114   93    0   91
    0   91   78    0  105
  103  107   89   94    0
  110   75   80  109  111
  102   78   87  117   98
  107  112   89   82   88
  113  117   92  103   76
   77   82   99   96   80
  117   89  117  124   78
  100  113   94  118  117
  116  107  115  105  113
  121   84   78  112  103
   91   92  122   80  106
  124  110  100  124   75
  101   86   97   90  100
   95   99   81  107   91
   82   97   81  116   94
  115   94   80  109  119
  103   93   85  122   96

  Bi   hi   su   su
           time cost
 PSIZE,CV,TBO,TSCAP,AVGCAP =      2    1    2    1    9
