   20   20
    1
 2532
 1.00 1.00   5. 300.
 1.00 1.20   5. 300.
 1.00 0.90  14. 100.
 1.00 1.00   5. 250.
 1.00 0.80  11. 150.
 1.00 1.00   5. 200.
 1.00 1.10   8. 300.
 1.00 1.00  17. 200.
 1.00 0.90  17. 200.
 1.00 1.00   5. 150.
 1.00 1.00  11. 150.
 1.00 1.10   5. 100.
 1.00 1.10   8. 300.
 1.00 1.20  17. 250.
 1.00 0.80  14. 100.
 1.00 1.10   5. 250.
 1.00 0.80   5. 150.
 1.00 0.90  14. 200.
 1.00 1.10  17. 250.
 1.00 1.20  17. 250.
    0    0   80   84   83    0  104  116    0  108   90  116    0   86    0
    0   82    0  116    0    0  103    0    0    0   88    0  110    0   95
    0  116  120    0   87    0   82    0  121  114    0  100    0    0   78
    0    0   77    0   90    0   88    0    0    0    0    0   92    0  112
  114  120  103  115   86   87   93  119   79   93   83  117   78   81   78
  116   95  100   90   98  120   95   98   98   76  106   86   78   96  110
   83   91   94   83  107   77  123  115  114   86   98   94   85   90   75
   99   94  124  103   83   89   85  106  106   89  100   82   79   87  109
   88  114  121   88   79   82   77  121  102  104  108   87  122   78   87
   90   88  115   81   85  123   99  100  100   77  121  112  106   91  112
  115  102   93  119   83  117   83   82   92  100   86   77   90   92   85
   87   81  106   88   94  108   89   80   82  113  124  106  101  109  114
  118   93   78  104  106  124  113  113  103   92  102  123  110  103   94
   78  108  124   95   92  117   80  113   83  111  101   99   84  119   88
  105  116  120   89  101   83   79   76   93  117   93   82   78   81   81
  118   95   88  122  120   91  107  107   81   97   87   80   97   97  106
   83  114  116  102   91   94   83   83   96  115   86   92  118   86   89
   84   78  110   84  119   78  114  111   81  114   77  123  115  111  123
  119  118   85  110  123   76   93  113   96  107   90   99  123   82  103
   92  115  114  113  112   95  105   92  118  105  116   79  109   77   83
    0   95   78  119    0
    0    0    0   77    0
  124  122  113    0   97
    0  107    0   77   77
   90   80  123   91   81
  105  105   87  120  116
   86   84   82   82  100
  103   97   80  115  100
  120  106   83   92   92
   87   90  110   76   94
   79  108  118   90   93
   79  110   78   79  117
   93  103  119  104   79
   92  100  112   86   89
  111  111  105  117   77
   80  118  115   98   76
  111   93  102   81   86
   92   81   85  124  104
  119  101  115   94   81
  103   99   97   93  104

  Bi   hi   su   su
           time cost
 PSIZE,CV,TBO,TSCAP,AVGCAP =      2    1    2    1    7
