   20   20
    1
 2302
 1.00 0.80  65. 150.
 1.00 0.80  21. 200.
 1.00 0.80  54. 100.
 1.00 0.80  54. 200.
 1.00 0.90  43. 300.
 1.00 1.10  43. 250.
 1.00 1.00  65. 300.
 1.00 0.80  32. 100.
 1.00 1.00  32. 150.
 1.00 1.00  65. 200.
 1.00 0.90  54. 250.
 1.00 1.20  65. 250.
 1.00 0.80  32. 200.
 1.00 1.10  54. 150.
 1.00 1.20  43. 200.
 1.00 0.90  21. 250.
 1.00 1.10  65. 200.
 1.00 0.80  65. 100.
 1.00 0.80  54. 300.
 1.00 0.90  43. 150.
  121    0   79   83   83    0  124   99    0    0    0    0  102    0    0
    0    0    0    0   99    0    0    0    0    0    0  123   96    0    0
    0    0    0   89    0    0  102    0    0  105  101    0    0  124  103
    0  123    0  115  104    0  114   90  120    0    0    0   81    0    0
  102  123  111  111   76  109   99   99  102   91  119  123   80   92  121
   90  123  103   98   87   99   93  123  124  109  119   84   98  120  123
  110   86  104   83  108   76   87   83  112  108   99  111  115  123   88
  107   81   92  113   77   78  122  102  121   98  107   76   91   99   86
  100  106   82   87   80   94   80   90  115  110  114  104  115   96   93
  121   93  101  110  119  103   78  104  105   96  109  106  114  105  120
  114  115  122   86  109  113   79  113   94   90  119   84   94   97  101
  105   90   90  124  109  120  116  113   75   91  112   87  117   96   98
   83  112  103  120   90   96  106  115  108  106   94   95   91   92  119
   84  109   81  109  101  113   91  108  108  111   93   82  106  124  114
  113  120  111   81  115   90   87  110  107   88   85  117  111   81  120
   76   77   80   81  119  111  115   94  107  103  115   86  113   80  121
  121   97  123  124   84  107  119  101  109  112  102   91  110   94   92
  117   78  104  101  100   89  121   99   86   81  112   75   96   82   85
   78  116  124  111   79   99  122  101  117  107   85  117  113  118  101
   75   96   85  101   78  123  111   81  118  107   75   82  119  100   85
    0   91    0    0    0
  101    0    0   97  103
    0    0    0   87    0
   86   85   82    0    0
  102   76  107   87   79
  103  111  117  108   89
   91  103   88   87   83
  105   92   89  107  119
   90  100   79   87  103
   96   99  102   89  105
  104   84  112   95   80
  114   92  121   77   87
  118   76  108   97   97
  122   86   86   94   76
  112   90   88  115   75
   83   97  122   96   84
  122   79  121   92   92
  124  100   94  116  105
   97   75  107  101  102
  118  124  115  105  110

  Bi   hi   su   su
           time cost
 PSIZE,CV,TBO,TSCAP,AVGCAP =      2    1    2    2    9
