   20   20
    1
 2532
 1.00 0.90  17. 300.
 1.00 1.10   8. 150.
 1.00 1.10  11. 250.
 1.00 1.10   8. 250.
 1.00 1.00  14. 150.
 1.00 1.10  11. 100.
 1.00 0.80  17. 100.
 1.00 1.00   8. 150.
 1.00 1.00  14. 250.
 1.00 1.10  17. 200.
 1.00 0.80  14. 300.
 1.00 1.10  14. 100.
 1.00 1.00   5. 100.
 1.00 1.00  17. 100.
 1.00 1.00   5. 100.
 1.00 0.90  17. 150.
 1.00 0.80   5. 200.
 1.00 1.00  17. 300.
 1.00 1.00   5. 200.
 1.00 1.00  14. 200.
   75   91    0    0  109    0  122    0  123    0    0  108    0    0   75
   99    0  109   77  104    0  101  112   83    0  105   93   98    0    0
  120    0    0   77    0  120  103  114  100  122    0    0    0   78    0
   93   94    0   83    0    0    0    0   79   97    0    0    0   94   82
   83  100   90  124  110  124  104  115   98  105  115  114   89   94   96
  108   79   75   83   75  100  112   92  112   99   79  113  103   87  112
   92  122   80  100  120  107   86  100  113   96  102   89   78  120   92
  110   88  116   82  108   93   94  122  113   81   96   87  114   77   93
   78   88   75  106   97   86  102  122  100  108   97   95   93  122  120
  110  113  115   87  121  117   85   94   89  111   96   93  116  112  121
  113   94  122   87   96   79   92   78  115  115   93  121   92   75   93
   97  122  113  108  118  113   85  101   76  114   75  107   96   99  124
  103   86  106   97  106   84   94   92  103  120  111  114  114   98  105
   81  107   96  123  105   78   89   79  119   83   89   89   80   76   87
  119  114  110  122  122  103  124   81   91  110   92   83   93   98   87
  119   81   76   78   75  103  123   76   97   83  106  119   83   88   80
  115   99   77   84  106  113  101  108   85  110  121  116  102  114  115
  104  106   76   98   94   79   80  121   80   82  124   75  106   95   77
   84  117   76   91   99   84  123  104   99   86   86   89  103  106   81
   78  118   84   83   91   94   81  118  107  101   97  103  112  114  112
  123   91    0   89    0
  113    0    0    0  120
  102  113    0  115  102
  103    0    0   76    0
  124  112  110   85   99
  121  100  113   98   85
   80  102  122  106   92
  104   97   81   93  119
   96  105  102  122   81
   75   81  108  104   84
  123  100  102  106   95
  113  113   94   98   79
   95  108  103  103  119
   83  113  106  112  115
   75  113   82  103  117
   83   80   81  116   91
   96  117   96   99  122
  110   96  105  103  106
   80   96   93   91   83
   82   92  100   81   76

  Bi   hi   su   su
           time cost
 PSIZE,CV,TBO,TSCAP,AVGCAP =      2    1    2    1    7
