   20   20
    1
 2572
 1.00 0.80  21. 100.
 1.00 1.20  54. 100.
 1.00 1.00  65. 100.
 1.00 0.90  43. 150.
 1.00 1.00  54. 300.
 1.00 1.20  32. 150.
 1.00 0.90  65. 100.
 1.00 0.80  43. 300.
 1.00 1.10  65. 250.
 1.00 1.00  54. 200.
 1.00 1.10  21. 250.
 1.00 1.10  32. 100.
 1.00 1.10  32. 150.
 1.00 0.90  21. 250.
 1.00 0.90  43. 150.
 1.00 0.90  21. 100.
 1.00 1.10  65. 300.
 1.00 0.90  54. 300.
 1.00 1.10  21. 150.
 1.00 0.80  65. 150.
   94  104  120    0  120    0    0  112    0   76   97    0  111   93    0
    0    0  115   78    0    0  118   96    0   80  102    0  104    0   77
    0  113  106    0    0   86    0    0  101  107    0    0  122    0    0
  115    0    0   84   78  110    0  105    0    0    0    0    0    0    0
  108   95   88   77  120  103  114   82  124  124  103  113   93   88  120
   90  116  108  102  120   99  113   83   81   92  112  123  111  111   97
   80  115  101   88   86  120  121   89  112   96  112  120   89   98  124
   76  124   82  120  112  109   86   83   75   98   99   84  123  102  112
  113  113   94   94   87   76  120  115  108   78   94   97   80  112   82
   90  102   83   94  110   95   99   78  113  106   82   86  124   97  103
   86   94   76   87   88   93  111   82   75  107  100  119  103   99  121
  116   93   88   91  104   94   81  119  109  107  123   92  108   82  117
   92   90   87  107   92   79   93   83  117   79  105  106  117  102   79
   96   86  110  118  120   75   82  115   83  117   85   94   90  118   75
  102   87  122  121  124   97   99   89   81   83  117   85  117  112   86
   83  114  112   88   98   82   91  104   90   99  119  110  106  110  107
   98   76   81   97   96  123  101  108   88   98   87   95   79   98  109
   77   89   84  104  102   78   89   81   88   91  106   99   75   90  115
   94  107   78  101   91   96   90   82   81   93  120  107  115  105  112
  119  111  115  124   96   95  101  121   79  103   89  121  100  115  105
   88    0  111  113    0
    0    0  104  123   95
    0   75   84   75   90
    0    0    0   81    0
  102  113  102   92   86
  102   82  108   96  113
  116   84   92   87   96
  101   91  119  123   83
   87   84  117  124  103
   86   77   87   77   80
  120   75  110  115   87
   89  115  117   78  102
   97  108  112   83   92
  103   77  100   93  109
  114   85  117  116  110
  111  109  113   80  115
  118  102  100   85   92
  111   94  113   85   78
   75   97   94   93   75
   94  102  101  114  119

  Bi   hi   su   su
           time cost
 PSIZE,CV,TBO,TSCAP,AVGCAP =      2    1    2    2    8
