   20   20
    1
 1998
 1.00 0.90  11. 200.
 1.00 0.80  17. 250.
 1.00 0.90   5. 300.
 1.00 1.10   8. 200.
 1.00 1.10  11. 300.
 1.00 0.90  14. 300.
 1.00 0.80   8. 250.
 1.00 1.10  14. 100.
 1.00 0.80   8. 250.
 1.00 0.90  11. 200.
 1.00 0.90  11. 200.
 1.00 1.10  17. 100.
 1.00 1.20  17. 100.
 1.00 1.00   8. 300.
 1.00 0.80  17. 100.
 1.00 0.90   5. 250.
 1.00 0.80  14. 200.
 1.00 0.80  14. 300.
 1.00 1.00  14. 300.
 1.00 1.10   8. 100.
   96  120    0  119    0  121    0    0   86  107    0  117    0  116    0
    0    0    0    0    0   82    0    0    0    0    0    0    0  121    0
    0    0   83    0    0    0  107    0    0    0  115    0  122    0    0
    0    0  123    0    0    0  124    0  118   86    0  106  123    0  104
  100   93  112   92  118   81   84   78  108   80   80  108  106  122  102
   85   93   88  111  109   86  112   75   98   96  119  106  113   98   89
  119  104   76   89   96  111   89  115  116  101   85  115  105   86   88
   82   76  117   93  107   95  115  118   90   88  118   89   88  122  118
   95  124   92  123  116  110  108   94   83   76  107   88  115   77  107
   77   78   75   90  118  122   88  119  104   75   81  110  112   89  107
   94   93   77  102  102  122  103   98  113  115   83  121   99  115  111
   84  109   83  113  112   92  117   76  115   86  119  113  102   88  101
   82   87   82  111  108  104  114  121   85   84   91   81   89  102   91
   98  104   89   89   84  101   83  104  110   94   90  123  104  123  121
  109   93  112   96  111   85  115  105  111   97  124   84   83   89   82
   98   86  120  120  111  104   93   75  115   95  110  115   85  106  103
   97  124  102  109   83  112  108   77   86  122   80   75   78   90   92
  102   87  121  111   81   90  104   97  106  103   95   93  100  104   94
   92  114   85  113   97  108  114   92   96  116   87   89  103   96  107
  121   94  111   80  108  105   89   87  116   93  116  116  111  117  111
    0    0    0    0    0
   88    0  117   88  112
   96    0  105   87    0
   75    0    0    0    0
  115  121  124  120  107
  111   96  117   98   82
  101  105   91  118  117
   80   78  100   82   82
   80  118  110   97  106
  122   94   98   85   85
  122  112  122   79  121
   95  113   87  108   99
   88  105  120   95   91
  114  120   80   89  114
   91  108  110   96   76
  121   90  121   90   94
   77  107   85   90  123
  107   83   84  108  119
  118  116  104   98  106
  102   81  104   80  114

  Bi   hi   su   su
           time cost
 PSIZE,CV,TBO,TSCAP,AVGCAP =      2    1    2    1    9
