   20   20
    1
 2302
 1.00 1.00  54. 100.
 1.00 0.80  65. 250.
 1.00 0.90  21. 200.
 1.00 1.00  32. 100.
 1.00 1.20  21. 300.
 1.00 1.00  43. 250.
 1.00 1.10  32. 200.
 1.00 0.80  32. 300.
 1.00 1.10  32. 250.
 1.00 0.80  65. 250.
 1.00 1.00  43. 250.
 1.00 0.90  21. 300.
 1.00 1.00  43. 150.
 1.00 1.10  65. 200.
 1.00 1.10  54. 200.
 1.00 1.10  43. 250.
 1.00 1.20  21. 100.
 1.00 1.20  65. 300.
 1.00 0.80  54. 250.
 1.00 1.10  32. 100.
    0   87    0   84    0   93  124   86   95   84   77    0  116    0  107
    0   76   91    0   94  109  115    0  113   93    0   86    0  115   82
  106    0    0  103    0    0    0    0  117    0    0    0    0    0    0
    0  108  103  106   79    0   81    0  117  100    0   83  103  105    0
   86   83  124  117   86   77   88   79   82   79   81   77   77  119   91
  121  111  100   92  103  101   80   88  106  124   87   78   78  118   81
   81   82  114   76   89   93   99  121  122  116  116  121  117  108  114
  122   79   95   99   83  114  121   84   79  114  106  124  114   94  111
   98  103   83   85  111   87  122  124  116   85  101   75  105   87   94
  122  115  118   80   83   79  123   99   94   76   85  122   94   78  123
  115  112  102   95  104  105   99  105   84   81   75  122   82  116   79
  112   75  121  120  105  122  109   81   82  108   94  106   76   77  122
   96   83   90   94   91  105   93  100  102  111  114   96  119   83   96
   92  118   77   90   97  108  113  111  115   97   95  120  122   91   88
  122  118  108  107   97   83   79   79  110   75   90  110   79   87  109
  120   79  113   95   77   87   75  113   78   85  107  107  107  110   79
  104  112  108  124   99   88   96  121  114  121   83   76  107   86   78
   93   90  105  102   91   94   85   95   89   84  101   87  123   83   85
  124  101  104  110  100  123  103  115   85   80  114   89  121   94   83
   82  102  107  123  124  106   75   90  111   90   90   82   79   82   82
    0   84   89    0    0
  120  107    0    0   92
   79   96  103    0    0
    0    0   83    0    0
   91   77   95  110  117
  113  122   75  118  112
  119  124   86   97   95
  107  104  115   79   94
  118  123  110   82  104
  110   84  113  104   99
  117  120  106  108   96
  118  106   95  103   99
  112   97   87   85  122
  105  122  108  122   88
  105   84   78  108  124
  110   76   89  104  101
   94   96   97   85  123
  115   99   80   79  100
   85  105  100   88   88
   98   91   90   89   77

  Bi   hi   su   su
           time cost
 PSIZE,CV,TBO,TSCAP,AVGCAP =      2    1    2    2    9
