   20   20
    1
 2572
 1.00 1.10  21. 250.
 1.00 0.90  54. 150.
 1.00 1.00  43. 300.
 1.00 1.10  43. 100.
 1.00 1.20  65. 200.
 1.00 0.80  32. 150.
 1.00 0.80  32. 300.
 1.00 0.80  21. 100.
 1.00 1.20  21. 100.
 1.00 0.80  32. 100.
 1.00 1.00  32. 200.
 1.00 1.20  32. 300.
 1.00 0.80  21. 200.
 1.00 1.00  21. 200.
 1.00 0.80  54. 200.
 1.00 1.00  54. 150.
 1.00 0.90  54. 100.
 1.00 0.90  54. 150.
 1.00 1.20  43. 150.
 1.00 1.00  43. 100.
    0    0   92    0    0    0    0   94    0    0  109   99    0   89   95
  110    0   81  113   78    0   79    0   99  101  108    0    0  121   81
    0    0  124    0   92    0    0    0    0    0   81    0  113  115    0
   80   77   91   99  106  115    0  104  124  102   81    0    0   75    0
  111  123   95   98   95   91  111   97  102  106  116   94   95   95  108
   97   96  124   83  103  110   76  121  117  107  107   90   97  107   85
   87  118  101   92   97   87  109  104   76  110  108   89  111   94  108
   99   90  107  118   95  112   98  121  110  116  114  106  122   78   88
   84  106  108   77   84  113   97  110  103   89  121  101   99  110  113
  101   79  102   81   83  120   99   92   91  115   98  124   97   75   83
   81  118  107   78  103  100   76   88   91   99  107  122  113   83   85
   85   85   95   95   82  119  102   93  118   76   81  101  109  113  105
  101  115   94  105  100   81  101  110   99   94  118  119  119  114   82
   82   88   85  116  108  121  106  120   93  107  115  104  106  101  104
  115   86   87   96   82  112  110   89   94  105   90  116  117   94   86
   75  108  105  117  104   95   88   76  117   89  119   93  112  122  101
   89   95  103   76  123   77   76  113  121  118   94  102   80  105   92
  117  101  103  106   86  106   91  113   86   79  101   79   79  104  102
   91  102   76   81   97   88   88   80   91  121   87   99   97   88   83
   97   76  110  112   89   78  116  118  103  107  112   89   81   85   78
    0    0    0   76   75
    0   91    0    0   97
    0    0   99    0  105
   82    0   82    0    0
   78   96  109   78  112
   96   95   77   82   99
   89  112  100  104  124
   79  124  108   91  121
  122   98  119  116  100
  122  113   82  102  114
  116  104  101   78  118
  105  111   75   76   81
  124  124  105  119   89
  117   88  111   99   87
   98  104  110   99   94
   92   95   85   80  114
  117  104   93   75   92
   75  100  109  122  101
  107   78  102   96   88
  100   86   77   89   90

  Bi   hi   su   su
           time cost
 PSIZE,CV,TBO,TSCAP,AVGCAP =      2    1    2    2    8
