   20   20
    1
 2916
 1.00 0.80  32. 150.
 1.00 1.10  32. 250.
 1.00 1.20  65. 200.
 1.00 1.20  43. 200.
 1.00 0.80  54. 250.
 1.00 0.90  43. 250.
 1.00 1.10  54. 200.
 1.00 1.20  21. 150.
 1.00 1.00  43. 150.
 1.00 0.90  43. 200.
 1.00 1.00  54. 300.
 1.00 0.90  54. 300.
 1.00 0.80  21. 200.
 1.00 1.00  32. 150.
 1.00 0.80  21. 300.
 1.00 0.80  21. 200.
 1.00 1.10  43. 100.
 1.00 1.20  65. 300.
 1.00 1.20  65. 150.
 1.00 1.20  21. 100.
   80  124  101    0   79   78  106  116    0   94  113    0    0    0    0
   97    0  118    0   97   80  116    0    0  124    0    0    0    0   83
    0   96    0  113    0   99  107  114    0    0   94    0    0    0    0
    0  109   94    0   97   86  101    0   98  118  107    0    0    0    0
   98  102  100  110   80   94   79   85   96   95   76   81   99  100  107
  113  120   86  107   98  111   96  119  109  107   95  119  119   86  107
  109  124   90  119   81   79   96  103   94   94   85   88  112  107  118
  120  103  111  115  124  115  105   89   83   91   97  100  120  112   89
   97   99  117   75   88   99   88  124  122  113   82   80   86   95   84
  112  122  101  112   87  114   85   91   75   78   93   99   95   77  112
   84   85   99  114  106  102  117   75   85   79  112   90  108  124   95
   91   97  101  104  110   76  114   77   94  110  103  112   93  124   78
   87   81  101  117  109  118   78  122  102  120   91  106   99   75  118
  104  115   80   76   90  102   82   90  103   88   95  112  102  122   77
   81  110  105  104  110   93   90   98  119  115  116  124  110   99   96
  120  101  106   99   99  123  109  100   76  123  123   80  119  120  117
   85   96   96  109  102  117  103   83   91   87  124   84  112   94   77
   89  111   92  100   83  110   91   83   76  108   93   98   92   95   82
   87   86   85   87   99   99  100  106   84  122   98  101   93   79  112
   82   82   99   91  112   83   97  118  120   99  120   90   98  118  112
    0    0    0    0    0
    0  120    0   81   81
    0    0    0    0   96
   90  106  111   86   98
   89   95  105   87  120
  102  109  110   83   84
   75   99  103  103   88
   99   82   86   77   91
   76   97   83  109   87
  102  120   98   85  111
  115  117   78   79  121
   77  111   97   78  100
  111   97   77   95  117
  112  104   84   85  102
  107   91   81  118  101
  116  108  119  118  103
  118   93  102   86  115
   93  105  103  103   93
   87  115   88   77  117
  101   89  116  117   75

  Bi   hi   su   su
           time cost
 PSIZE,CV,TBO,TSCAP,AVGCAP =      2    1    2    2    7
