   20   20
    1
 2234
 1.00 1.20   5. 150.
 1.00 1.00   5. 100.
 1.00 1.10  11. 150.
 1.00 0.90  11. 200.
 1.00 1.10  17. 150.
 1.00 1.10   8. 100.
 1.00 1.10   8. 300.
 1.00 0.80  11. 200.
 1.00 1.10   8. 200.
 1.00 1.00  14. 250.
 1.00 1.00  17. 100.
 1.00 0.80  14. 200.
 1.00 1.20   5. 300.
 1.00 0.90  11. 150.
 1.00 0.80   5. 250.
 1.00 0.80   5. 200.
 1.00 1.00  17. 250.
 1.00 1.00  17. 250.
 1.00 0.80   5. 200.
 1.00 1.10   5. 300.
    0   92   91   86    0    0  121  105    0   95   78    0    0   87    0
    0    0   89    0   91   82    0  111  103    0  108   90  114  102  108
    0    0    0  115   91  117    0    0    0    0    0    0    0   93    0
   99    0  120    0    0  113    0   75    0    0  105   98   76    0    0
  115  113  103   92   85  106  104   80  107  104   96   97   89  116  121
  102  109   88  119   99   99   76  100  102  110   91  106   95   80   78
   99  102   94  101  103  107  112   87   91  108  107   81   90  113   98
  102  103   75  118  104  111  104   92   98   98  124  122   87  121  115
  102   76   96   83   90   91  123   90   82  123   79   87  107   89  116
  109  123  106   87  110  109  122  102   90  114  102   79   97  105  124
  113   91   80  112   83  121   99   89   76  100  104  116   86  103   80
  101   81   90  109   76  101  104  118  114   95  114  113   87  110  107
   87  111  113   89  102   92  115   94   78  124  119  120  116  112  123
   97   94  110   76  118   98  103  106  109   98   96  119  108   79  119
  118  121   80  111  122  114  113  112  121   98   77  119   93  120  108
   77   84  113   98   91  123   92   86   83  123  119  103   99  117  103
   76  103  120   83   86  116   98   88  108   82  119  105  108  108   82
   96  124   87   76  123   83   82   97   75  113   81   96   87   87   91
  124  108  114   88   86  116  102   94   95  119   90   88  109   95  108
  118  104  111   82   95  121  103  104   98  108  111   97  122   96  108
    0   77    0  104  124
    0    0   99    0    0
    0    0  108    0  117
  109    0    0    0  109
  120  124   78   76  100
   96  113   98  120   95
   86   93  124  105  121
  100   86  107   95  122
  124  112   87  114   79
   97   76  115   87   91
   97   95   93   98   93
   88   87   75  119  109
  109   75   97   93   81
   84  121   95   86  120
  117   82  100   97  105
  112   87   96   78   89
   95  121   99   86   88
  110  122  122  103  100
   79  121   92  120  122
   75  105   81   88   95

  Bi   hi   su   su
           time cost
 PSIZE,CV,TBO,TSCAP,AVGCAP =      2    1    2    1    8
