   20   20
    1
 1998
 1.00 0.90   5. 150.
 1.00 0.80   5. 150.
 1.00 0.80  14. 100.
 1.00 0.90  11. 250.
 1.00 0.80  11. 300.
 1.00 1.00  17. 150.
 1.00 0.80   8. 250.
 1.00 0.80  17. 300.
 1.00 0.90  11. 300.
 1.00 1.00   5. 250.
 1.00 1.00   5. 300.
 1.00 0.80  17. 250.
 1.00 0.90  17. 150.
 1.00 1.10  14. 100.
 1.00 1.20  17. 150.
 1.00 0.80  11. 100.
 1.00 0.80  11. 250.
 1.00 0.90   5. 250.
 1.00 0.90   8. 150.
 1.00 1.00  11. 100.
   87  107   93  107  116  106  112    0    0    0  102    0  122  122    0
    0    0    0   98   76    0  116  119    0  106  102   89    0  114    0
  111    0    0    0    0    0  109    0  106   98   92    0  119   91   87
   81  123   86    0  111    0    0    0  107    0    0    0    0  114   95
  121   85  112   90   82   82   99   93  120  110  102   85  106  103  119
   87   98   88  108   86  114   89   93   94  117   87   79   88  114  120
  118  108  104   89  109   89  124  118  119  121   98  100   90  106  103
  105  114   84  112   92  117   76  111  114   92  102  119   83  122  108
  101  124   95  115   98   95   90  111   88  106  122   78  113  104  102
  105  123  113   96   79  113   94  120   78   76  101  107  109   92  113
  101  111  102  103  119   84  123  104  123  122  124  114  120   77  121
  109  118  107   75  109  104   84  107  117  117   89  117  123  101  105
  117   83  113  106   84  120   86  103   77   96  124  111   78  121  101
  105   94   83   79  121   88  110   97   83  105  116   99   97  113   95
  101  108   82   98   81   91  111   78   95  102   99   81   99  106   87
  101   83   81   83  121  103   80  116  107   88  112  111  121   82  119
  116   80   96   96   80   95   86  118  111  121  107  100  101   77   88
   94  113   93  111   87  123   85  122   88  102  104   77   94  106  102
  116   82   78   82   86   80  103   83  114  117   84   88  123  122   94
   81   97   91   99  107   95  121  102   77   82   96   77  103  108   96
    0   84    0    0   92
    0    0    0    0  108
  106   80  123   93  110
    0    0  112   82    0
   79   96  101  106   75
   80   96   91  110  122
  123  103  116  114   83
   76   80   92  124   91
  101   93   99  123   82
   77  102  106  118  102
  109   86   88   97   80
  118   88   79   79  117
  120  124  105   96  114
  124   93  106   85  106
  112  118  108  110   90
  102   90   86  102  124
   85  118  119   97  113
   95  104  106   79   88
  104   88  112  107  120
   87   91  101  120  101

  Bi   hi   su   su
           time cost
 PSIZE,CV,TBO,TSCAP,AVGCAP =      2    1    2    1    9
