   20   20
    1
 2916
 1.00 1.10  21. 100.
 1.00 1.10  54. 300.
 1.00 1.10  32. 250.
 1.00 0.90  54. 300.
 1.00 1.00  43. 300.
 1.00 0.80  32. 150.
 1.00 1.00  32. 100.
 1.00 0.90  65. 100.
 1.00 1.20  54. 150.
 1.00 1.20  65. 200.
 1.00 0.90  32. 300.
 1.00 1.00  54. 250.
 1.00 1.00  43. 150.
 1.00 1.00  21. 100.
 1.00 1.20  21. 300.
 1.00 0.90  32. 300.
 1.00 1.20  32. 150.
 1.00 1.00  32. 300.
 1.00 0.80  54. 200.
 1.00 0.80  32. 100.
   98  118    0   95    0   97    0    0    0    0    0    0  106   94   94
   80    0    0  100  111    0  101    0    0  123   78  107  117    0    0
  103    0   90  106  105  107   98  112    0  107    0  115   76    0   81
   82    0    0    0    0    0  117    0    0   83  114  110  100    0    0
   86  121   81   88   96   78   80   79  100   76   88   92  104   80  110
   89   80  121   87  120  117   88  113  114  108  111   98   80  110  117
  101  108   87  124   85   87  107   92   77   87  122   75   95   82  116
  112  105  111  120   99   92  114   84   83   95  107  102  106   88  119
  115   96  115   82   93  105  105   85  112   86   87   96   83  116  122
   75  107   97   76   91  109  118  105  117   77   92  104   78   99   78
   80  101  119   90   89  121   96  118   83   94  107  109  120   91  106
   85   93   79   88  117   87  107   89  117   80  117  107  111  104   90
  124   92   80   97  101  101   76   86  124   94  115  101   87   77   79
   83   85  113   89   99   81  107   95  118   86  119  116   99   93   96
   95  109   81  108   99   85  100  123   99  118   81   89  104  109  116
  104  103   84  123  104  122  110   89   76  100  101   77   91  102   75
   94  124   76  113  121  117   88   83  107   78  102   98  117   85  119
  121  123   94   92  101  114  119  124  114  119  101   83  104  110  124
   79   84   93   88   96  119  111   90  120   83  110   93   86  102   76
   88   85  114   94  114  121  107   77   96  121   94   85   86  106   90
    0    0    0   86  121
  119  123   80  100  109
    0    0  111   80    0
   92  107   75    0    0
  121  113   88   91   96
   92  104  105  124   93
   88   93  103  118   95
   98   97   94   89  115
  103  124   79   83   88
  114  112   82   86   75
  103   95   95   86  114
  121   91   96   97   86
   79  108  120   99   96
   79   92   75   98  102
  118   77  111   99   89
   97   99   87  115   86
  124  111  106   98   92
   82  103  108   97   97
  101  107   80   88  107
   83   85  107  115  102

  Bi   hi   su   su
           time cost
 PSIZE,CV,TBO,TSCAP,AVGCAP =      2    1    2    2    7
