   20   20
    1
 2532
 1.00 1.20   8. 300.
 1.00 1.00   5. 200.
 1.00 0.90  17. 250.
 1.00 0.90   5. 100.
 1.00 0.80  17. 150.
 1.00 1.20  11. 250.
 1.00 0.80   8. 150.
 1.00 1.00  11. 150.
 1.00 1.20  14. 250.
 1.00 1.10   5. 100.
 1.00 0.90  17. 150.
 1.00 1.20  11. 250.
 1.00 0.90  11. 200.
 1.00 1.20   8. 300.
 1.00 0.90  11. 100.
 1.00 0.90  11. 100.
 1.00 1.10  14. 150.
 1.00 1.00  11. 100.
 1.00 1.10  17. 100.
 1.00 0.90  11. 100.
    0    0   98    0   92    0   88    0  102  122    0    0    0  103    0
   90   91    0    0    0    0    0   76    0   96    0   96   96  110   83
    0    0    0    0    0   93  116   91  110  122  120    0    0    0    0
    0    0    0    0    0    0    0  105    0    0  101  114    0  103  117
  112  117  105   97  124  124  103   84   97  108  114   95  114   90  117
   79  121   92   96   90  102   92   84   76  104  121  107   78  103  100
   76   78   84  100   79   84   94   99  109   85  123  101   79   79  108
  109  115  117   78   77  110   91  105  115   95   82  112  117  100  124
   79  106  109  106   87   86   85   80  110   77  122  109  108  103  103
   97   85   93   84   96  104   78   99  121  101   96  114   83  104  111
   94   88  110  102  109  105  114   86   97   92   79   96  103  118   75
  120  116   85  101   79  124  108   88  102  105   82   93  109   75   96
   78  117   78   99   79  119   80   99  113  102   90  106  110  111  108
  124  118  118  115   94   79   76   92  114  107   81  123   83   85  112
  113   91  105   96   90  109  122   81  105   82  118   91   98  110  119
   98  111  122  117   75   84  124  113  114  104   89   92   91  112   88
   83  103  103  117   95  117  109  118   80  108  106  124  106  103   99
  113   91   81   90  106  106   85  107  105  122   86  110  120  109   94
   94  102  106   94   97  122  119   88  122  118   79  124  109  118  104
   98  104  106  104   76  114   75   82  119  100  107   88  111  102  101
    0  100    0   88  108
    0   85  103    0   92
    0   78    0  119  102
   98    0    0  112    0
  124   77  114  122   89
  122  122   80   75   75
  122  108   77   90   97
  106   77   76  112  117
  117  119   77   82  100
   79  104   97   79   85
  104   82  100   97  109
   88   95  120   92  108
  109  114  106   76  122
   82   87   83  118   85
  123   87   84  116  117
  122  114  111   79  101
   95   75  124   93  107
  124  101  103  106   83
  108   91   97  100   95
   90  120   84  117  123

  Bi   hi   su   su
           time cost
 PSIZE,CV,TBO,TSCAP,AVGCAP =      2    1    2    1    7
