   20   20
    1
 2572
 1.00 1.00  21. 300.
 1.00 0.80  21. 150.
 1.00 1.00  65. 300.
 1.00 1.20  21. 150.
 1.00 1.10  32. 300.
 1.00 1.20  65. 100.
 1.00 0.80  65. 100.
 1.00 0.80  65. 300.
 1.00 1.20  54. 250.
 1.00 1.10  32. 100.
 1.00 0.80  54. 100.
 1.00 1.20  21. 300.
 1.00 0.80  65. 100.
 1.00 0.90  21. 250.
 1.00 1.00  43. 150.
 1.00 1.00  32. 200.
 1.00 0.90  54. 200.
 1.00 0.80  21. 300.
 1.00 0.80  65. 100.
 1.00 1.10  65. 300.
    0   79    0    0    0    0    0    0    0   92   91    0   87  124    0
   97  124  102    0   91   97    0   97    0   92  123    0   80   80    0
    0  106    0   92    0  106    0    0   99    0  106  109    0    0    0
  116    0    0   82   75  108  101    0  103   87    0    0   84   82   81
  123   87  108   96  113  104  123  116   91   87  104   76  112  115  117
   98   82   91  109  117  102   80  102   77  108   84   82   83  105  118
  101  111   99  112   98  122  107  123  117  122   91   89   82   94  114
   95  122   85  102   83  117   86   99  101  113  111  112  107  124  102
  122  119  112  122   78  119   86  107  102   81   83  117   78   80  123
   99   89   79  120   90  100  122   94  105  122   76   83  108   85   83
   87   84  123  102   90  113   93  114  100   96  124  109   97   88   86
  109   84   92   87  121  118  119   88   97   82   77  116   82   85  118
  103  109   76  105   75   76  123   84  117  117   96   93  121   86   97
   83   82   91  103  106   84  118   78  118   84  108  124  121   85   89
  103   91  104  109  120  113  119   85  103   83  115  121  121  109  116
   90  117  120  106  107  119  124   87  104   77  117   87   85  120   85
  112   94  102  103  101   83   77  116   80  116  110   78  108   77   84
   79  106  113   95   75   75  124   93   76   96   81   75  122   78   94
   96  107   92  123   87  109  105   83   76  103  121   90  123   95   77
   84  118   80   83  124  123   95  123  116  112   99   76   75  108  108
   90   87    0    0    0
   87   80    0    0    0
    0    0   89    0    0
  100  103  118  124    0
  104   95   92   91  114
   84   78  110   93   81
   90   75   85   86   96
   83   91   90   91   82
   94   92   77  103  114
   85  110   75  110  116
  119  117   97   80   89
  121  103  105   80  107
   94   93   75   92  114
  120   93   84   97  110
   95   99   81  107   94
  117  115   81   83  113
  109   82   86  121   79
   99   85  107  110   99
  112  103   80   91   76
   83  122  111   95  113

  Bi   hi   su   su
           time cost
 PSIZE,CV,TBO,TSCAP,AVGCAP =      2    1    2    2    8
