   20   20
    1
 2916
 1.00 0.80  21. 200.
 1.00 1.20  43. 250.
 1.00 0.90  65. 150.
 1.00 1.10  32. 300.
 1.00 1.10  32. 250.
 1.00 0.80  21. 200.
 1.00 0.90  65. 250.
 1.00 0.90  54. 300.
 1.00 0.90  65. 200.
 1.00 0.90  21. 200.
 1.00 1.10  21. 150.
 1.00 1.10  32. 200.
 1.00 1.10  65. 250.
 1.00 1.20  21. 250.
 1.00 1.10  21. 300.
 1.00 0.90  21. 300.
 1.00 0.90  32. 150.
 1.00 0.80  65. 150.
 1.00 0.90  65. 250.
 1.00 0.80  54. 200.
    0    0   85  111    0   81   77    0    0   93    0   89  107    0    0
    0    0    0  107    0    0    0   75   98   97  121   89  113    0    0
  113    0    0    0   90   76   97   86   77    0    0    0   99   82  112
    0    0    0  124    0   87  108    0    0   79    0    0  122  104    0
  103  105  101  120  123   76  123   78   82   85   76   87   83  113  111
  112   96   83   90   93   87   85  122   96   83  116   76  118  103   78
   88  107   88   86  119  113  106  108  119  117  103   83  113  115   80
  118  115  124  116   81  105   82   87   82  107   88   84  115  106  123
   76   89  101   83  105  116   96   87  109  105  102   78   84  102   92
   81  110  115  105  119  111  116  109  100   82   99   97  111   85  112
  107   80   94   77   94  114   94  110   77   92  102   93   75  109  112
  124   90   97  110  101   76  108   98   79   75   91  113   88  123  117
  107  116   88   89   91   98  103   82   80   87  104  122  116   96   76
   89   80   80  108  115  118  111   96   95   98  101  124  121  109   89
   81  102  119  113  124  109   96   83  115  117   80  117  104  119  121
  119   93   89  102   93   97   80  116  105  106  120   88  116   78  110
   92   83   97  120  102   89  102   98  121   84   77  105   75   95   88
  118   96  121  117   82  104  119   97  119   97   93  106   81  103   76
  113   98   92  115  120   91  109  116  123   77   79   77   97   78  102
  103  124  108   87  100  102   90   81   78   85  105  102  121  121  108
    0  111  113    0    0
  118  124    0   89   86
  112    0    0    0    0
    0    0    0   78    0
   84  107  121   80   90
  107  122   90  110   80
  104   88   80   90  117
  101  112   78  118   79
  117   76   92  107   75
   88   98   84  101   88
  101  111   77  116   81
  119  122   78  115  113
  102  107  101  101   95
  102   92   89  105  113
   97  103  113   95  101
   86   82  113  119  106
   99   89   76  104  123
  119  109  104  104  113
   94   77   95  112   81
  112   75  123   87   81

  Bi   hi   su   su
           time cost
 PSIZE,CV,TBO,TSCAP,AVGCAP =      2    1    2    2    7
