   20   20
    1
 2532
 1.00 0.80  14. 150.
 1.00 1.20  17. 300.
 1.00 1.10  14. 100.
 1.00 0.90  11. 250.
 1.00 1.00  14. 300.
 1.00 1.00   8. 100.
 1.00 1.20   5. 250.
 1.00 0.80  14. 200.
 1.00 1.20  14. 250.
 1.00 1.20  11. 150.
 1.00 1.00   5. 300.
 1.00 0.80   5. 300.
 1.00 1.20  17. 200.
 1.00 0.90   5. 200.
 1.00 1.00  11. 100.
 1.00 1.20   5. 200.
 1.00 1.00   5. 300.
 1.00 1.10   5. 100.
 1.00 0.80   8. 100.
 1.00 0.90  14. 250.
    0   87  106   83    0    0    0   80    0   93   75    0  114    0    0
  112   84  122  104  103    0    0   80  113   89  120    0    0  100  112
    0    0    0    0   82    0    0    0   77    0  101    0  109  111    0
  116    0    0    0   75   86   85   86   96    0  112  124   93   80   96
   80   98  100   89  101   84  111   89   86  115   95   78  120   93   87
   94   96  102  110  116   88   89   97  114  122  116  119   85   79  111
  103  123   98   91  117   83  105  117   78  103  101  104   88   83  108
   92   96   89   99   79  117  114  123  121  121   80   82  122  114   86
  104  111   82   97   80  112   78  117  124  107   77   77  113  114  103
  102  110  115  108   80   85   88  107   85   91  124  123   92   82  112
  106   80   96   97  107   88  111  104   89  116  120  112  114  114  119
  102   96  112  123  108  117   86   98  102  121  104   87   76  124   79
   85  108  117  107   83  110   93   81  105   83   94  104  114   99   88
  114   76   84  118   78   97  120   75  117   98  113  107   90   79  107
   78  119   88   99   89   76  106   83  114  111  104  115   75  122   82
   81  104   76   87   82  109   97   92   78   89   82   87   89   93  100
  107   96   78   85  103   86   79  101   78   95  110   92   77  106   79
  114  114  123   97   82  103  115   84   77  100   95   95  103   82   80
   84   79  116  115  115   89   84  101   87  100   99  120   86   82  113
   95  119  115  118  109   87  113  123  106   82   82  105   75   76   78
  119  105   81   87   91
   87    0    0   85   91
    0   96    0  102  102
   92    0   79    0  103
   81  103  123  105   78
   86   89  110   93   81
   81   89  101   89  111
  121   82  120  106  104
   82  108   93   98   87
  113  105  106  118  103
   75  116   96   84   95
   82   82   99   93  115
  120  104  117   86  100
  114   98  109  116  118
   86   77   87   78   81
  123   75   91  110   92
   87  110  105   81   83
   89  108   81  107   98
  117  122   90  112   93
   77  109   95  104  106

  Bi   hi   su   su
           time cost
 PSIZE,CV,TBO,TSCAP,AVGCAP =      2    1    2    1    7
