   20   20
    1
 2302
 1.00 0.90  54. 150.
 1.00 1.20  65. 250.
 1.00 0.90  21. 200.
 1.00 0.80  21. 200.
 1.00 1.10  32. 100.
 1.00 1.00  32. 300.
 1.00 1.20  65. 300.
 1.00 1.10  32. 300.
 1.00 1.10  54. 150.
 1.00 1.10  32. 300.
 1.00 1.00  43. 100.
 1.00 1.20  21. 100.
 1.00 0.80  65. 300.
 1.00 1.20  32. 200.
 1.00 0.90  54. 300.
 1.00 0.80  43. 300.
 1.00 1.20  43. 250.
 1.00 1.10  43. 100.
 1.00 0.80  43. 200.
 1.00 1.20  65. 200.
   85    0    0    0    0    0    0   83   96  117    0  111  114   95   88
    0    0  124   93    0    0  106    0   88    0    0    0   81    0  124
    0    0  109   75  121    0   88    0  121    0   88   81   88    0    0
  113    0   89    0  123    0    0  120    0    0    0    0  116    0    0
  113  108   91  117   80  114   96  123  102   89  109   80   76   84  118
  120  114  101   98   76  111  111   99   83  121   98   85  108  116   99
   94   85   94   87   77   75  109  110   83   86  115   95  111   96  115
   88  110   94   89   93   97   83   80   84   80  120  124  107   85  116
   81   94  121   89  112   99  122  104   81   96   84   92   85  110  123
  120  109  122   98   76   81   96   85   78  103   99  101   83   76  110
  102   86  107  102  108  105   88   78  122  107   96  124  111  107  107
   85  113   90   79  114   97  103  114   80  113   86   77   85  114   98
  100  115  106   96  107  114  124  100   92  105  106   75   87   96   81
  103   86  106   88   98   79  104   94  110  121  119   93  118   96  118
   93   81   95   82   89   98  124   90   77   95  119   89   98   77   89
  119   77   82   99   89  101   89   93   92   82   90  100   76   93  112
  123   76   99   94   75  103   78   81   85  124  107  103   89   97  121
  115   97   93  108   75   98   99   82   87   86   79  100  119   80  101
  101   91   95   93  122   95  108   80  103   83   84  102   96  108  124
  123   91   78  120   92   85   77   97  124   78   75   96   83  115   77
  104    0  112  107  124
    0    0    0   77   86
   95    0    0  101    0
    0    0    0  105    0
   76   81   98   91  119
   75  120  123   97   85
   86   95   79   78  101
  111   87   79   86  104
   77  101   95   89  107
  105   81  106   93  113
  105  100   85  102   77
   85  111   78  121   98
  102  114  111  105   94
  105  116  124  116   80
   88   75  109  110   85
   87   94  122   88  123
  111  102   99   81  101
  120  104  116   84   95
   97  103  110  108   91
   82   97   82   75  110

  Bi   hi   su   su
           time cost
 PSIZE,CV,TBO,TSCAP,AVGCAP =      2    1    2    2    9
