   20   20
    1
 2302
 1.00 0.80  21. 250.
 1.00 1.20  54. 100.
 1.00 1.10  21. 250.
 1.00 1.00  65. 300.
 1.00 1.00  21. 300.
 1.00 1.00  65. 300.
 1.00 1.20  43. 200.
 1.00 1.00  21. 300.
 1.00 1.00  21. 200.
 1.00 1.20  21. 150.
 1.00 0.80  32. 150.
 1.00 0.90  65. 100.
 1.00 0.90  54. 150.
 1.00 1.20  21. 200.
 1.00 0.90  32. 250.
 1.00 1.20  21. 100.
 1.00 0.90  43. 250.
 1.00 1.00  65. 300.
 1.00 1.00  54. 200.
 1.00 1.00  43. 150.
    0  119    0   79    0   90   84    0    0  103  102    0    0    0    0
  100   92    0   78    0  124    0    0  123   97    0    0  114   96    0
    0    0    0    0    0    0   79    0  112   80  106   97    0    0    0
  121  110    0  122  107  100   90  105  104   78  101    0    0    0  113
  124   80  111   77   96  118   77  110  101   79   76   93  116  114   84
   76   95  122   79   76   90  106  103  120   90   75   87   97   85   91
   85  100  115   81   89  101   91  116  103  117  122  117   77   90  102
   97  119   78   85  104   92   78   88  123  124   81  116   93   91   78
  122  108   81   84  123  111   86   95   78   95  103  101  111  100  116
   96   99   98   95  116   96   80   76   80   95   89  110   89  121   99
  116   84  120   91   99  106   90  107  114  122  115  122  104   81   92
   86  107   95  123   84   96  105   76   85  120   83   82   96   77  124
  117  121   89   86  113   80  119  117   98  109  113   79   83   88   79
   91   94   86  122   80   78   90   91   83   77  113  109  103   98   92
  119  101   87  106   83   87   79   83   91   87   96   86  104   84  108
   95   75   96   88  121  105  119  112  100  108   94  104   94  106  104
   76  117   93   82  103  114   80   88  102  109  105   86  116   93   93
   94   88   87   77   77  117   92   99   78   88  120  106  107  116  113
  103  111  111   79   75   93  118   75  123   91  106  104   75  105   89
  116   89  100   81  122   77  105  123   84   94   99   88  123  120   89
  103   89  122    0    0
    0    0  118    0    0
   84  115    0  115  121
   76   92    0  121  110
  107  121  113  110  110
   80  108  113  108  100
   82   90   94   97   78
   95  102  100  109  121
  110   84   90   77  100
  111  118   91   88  104
  110   85   97  104  116
   78  121  105  114  113
   81  117  103  112  115
  119   88  118   93   76
  124   98   80   81  116
   75   80  102   75   94
  114  101  122   90   85
  123  102  108   83  120
   83   94  109  116  120
   91   93   80  116  107

  Bi   hi   su   su
           time cost
 PSIZE,CV,TBO,TSCAP,AVGCAP =      2    1    2    2    9
