   20   20
    1
 2234
 1.00 1.00  11. 250.
 1.00 0.90  14. 250.
 1.00 1.20  17. 150.
 1.00 0.80  14. 250.
 1.00 1.00   5. 150.
 1.00 1.20   5. 200.
 1.00 0.90  11. 100.
 1.00 1.20   8. 100.
 1.00 0.80  14. 150.
 1.00 1.10   8. 250.
 1.00 1.00  11. 200.
 1.00 1.20   8. 150.
 1.00 0.90  14. 200.
 1.00 0.80  14. 300.
 1.00 0.80  17. 300.
 1.00 1.10  17. 150.
 1.00 0.90  11. 100.
 1.00 0.90  14. 200.
 1.00 0.80   5. 150.
 1.00 1.00   8. 100.
    0   99   77  104  111    0    0    0    0  100   89    0  108   75   99
    0  123    0  112   77    0    0   96  112    0  107  104    0  103    0
    0  110   87    0    0    0   86    0    0   84  119    0    0  124    0
  118    0  102    0  119   93    0    0   86  118    0   95   75  118  115
  115   98  102   95  110  112  118   80   83   75  101  116  106  111  113
   85   90   75   86   86   94  123  122   97  120  107   85  118  120   98
  109   82   89   90   89   76  104  117   90  124  106   80   93   80   92
  104   78   78  113  106  110   86   98  104   83   85  107  109   95  103
  121  120   99  121   97  122   88   81   86   86   96   83  115   76  102
   99   75   88  103  113  124  104   94   81  120  116  113  120  113   98
  111  103   85  123   95   75   96   91   83   78  120   95   94   78  105
   99   96   83  112  101  117   84  114  104  118   94  106   77  102  101
  104   78  102   90  111   85   92   76   77   78  123  110  104  119   98
  114   85  117  118  118   84   85   96  101  109   91  105   90   89  124
   77  116   77  107   77   97   75  108   99  111  114   93   77  103  106
   82  103  116  112  117   79   80  117  109  123  106  108  120   99   95
  101   95   91  120   77   95  118  109   90  109  121   76  106   86  107
  113  111  109   90  108  121   79   78  111   92   97   87   84  119   85
   81  102  118   82   95  117  106   80   91  121  105   89   87  116   92
  121  118  119  116   92  108  106   96   84   92   86  113   81   98   94
    0    0   94    0  102
    0    0    0   86   81
    0   96    0   85   89
   93    0   91    0    0
   86  102   75   96   91
  114  117   87   82  112
  120   95   90   93   86
   77   96  124  109  116
  115  112   80   98  106
  111  104  111   76  111
  108   80   78   96  113
   89   86  116   97   87
   99   80   78   95  105
  114   96  124   83  108
  108   98  104   88  107
  100  110   85   90   77
  101   96   98   92   91
  100   76  113  122   99
   85  106  101   86   93
  107  108  116  104  120

  Bi   hi   su   su
           time cost
 PSIZE,CV,TBO,TSCAP,AVGCAP =      2    1    2    1    8
