   20   20
    1
 1946
 1.00 0.80  14. 600.
 1.00 0.90   5. 600.
 1.00 1.20   5. 1000.
 1.00 1.10  14. 800.
 1.00 0.80  11. 400.
 1.00 1.20   5. 1000.
 1.00 1.10  17. 600.
 1.00 1.20  17. 1000.
 1.00 1.20  17. 1200.
 1.00 1.20  17. 800.
 1.00 1.20   8. 1000.
 1.00 1.10   5. 1200.
 1.00 0.80   8. 600.
 1.00 0.90  17. 400.
 1.00 1.20  11. 1000.
 1.00 0.80  11. 1000.
 1.00 1.20  11. 600.
 1.00 0.80   8. 1200.
 1.00 1.00  14. 600.
 1.00 0.90  14. 400.
  103    0    0    0    0  109   91    0   76    0   96  118   82    0    0
  117    0  107    0    0   78    0    0   77    0  120   76    0  108    0
   75  115    0  107  101   81    0   95  114   92   96    0    0    0  113
    0    0    0   88    0   82    0    0   77   96  117   98    0   93    0
   86  110  122  119   84   75   91  115  100   89   93   96  104  101   75
   85   96  104   97   78  105  108  103  106   84  120   93   83   87   76
  102  122  103   97   86  124   93   84   90   83   90   88  115   77   89
   92   94  102   80  100  118  120   99  113   80   93   78   85  106  101
  102  114   87  103  119   81   78   88   80   83   78  119   83  118   87
  103   81  100  108  113  113  122   97  116  108  122  110  118   93  104
   89  106  121   92  101  114  114  122  112  102  120   90   99   77   99
  124  120   75  113   81   99  100  108  117   83   83   94  108   89  109
   82   92  102   96   83  118   87  120  117  114   99   89   80   76   84
  100   76  119  108   98  103  109  123  107   90  120   89   90   90   78
   87  109  105  107  121   89  113  109   96   87   89   92   93  121  119
   77  111  100  118   98   98  107  124  106   77   79   78  104  106   80
   87   97   81  100  103   90  106  109   78  114  107   86  100  109  102
  116   99   99  100  107   85   94   84   89  121  104   83  108   80  109
  123   85   75   83  123  120   84  114  104  119  119  114   78   78  111
  109  112  123   88   87   82  106   78   85  105   94   77   93  104  102
    0    0   76    0    0
    0    0    0  111   93
    0    0  117   83  104
   96    0    0   87    0
   77   91   97  100  120
  122   75  119  113  105
   87  121  118  111   77
   90  113   99   99   99
  122  124   88  109   95
  121   85  116  106  112
   93  115  107   75   83
   81   86   80  107  102
  115  118  108   80  106
  110   82  106   79   93
   93  120  111  112  108
   96   89  100   89  118
  112  101  114  120   80
  112   77  106  124   86
   92  101   88   81   91
  103  100  103   94   88

  Bi   hi   su   su
           time cost
 PSIZE,CV,TBO,TSCAP,AVGCAP =      2    1    4    1    9
