   20   20
    1
 2466
 1.00 1.20   5. 600.
 1.00 1.00  17. 800.
 1.00 1.00  17. 800.
 1.00 1.10  17. 1000.
 1.00 0.90   8. 400.
 1.00 1.00   8. 1000.
 1.00 1.10   8. 1000.
 1.00 1.20  11. 1200.
 1.00 1.20   5. 400.
 1.00 1.10  17. 800.
 1.00 1.20  17. 1000.
 1.00 0.90   8. 1000.
 1.00 0.90   8. 800.
 1.00 0.80  11. 800.
 1.00 0.90  11. 600.
 1.00 1.00  11. 600.
 1.00 1.00   5. 600.
 1.00 1.10   5. 400.
 1.00 1.20  17. 1000.
 1.00 1.10  17. 600.
    0  115    0    0    0    0    0  102  114   90    0   91   93   78    0
   78    0  105    0    0    0  120   89    0    0    0  124    0   83  121
    0    0  102    0  101    0   91   76    0   78    0    0    0    0    0
  109    0  116    0    0  102   79    0    0  120  101    0    0  108    0
  103   82  107   82   80   87  104   75   75   79   92   82  117   92  100
   84  103   96  103  119   81  104   83  103  103  119   81   84  119   88
   96   80  123   91   80  113   85   98  110  123   96  104   78   97  117
  119   89   80  123   92   83  119   89  106  115  111   99  107   95  117
  124  102  107   92  107   92  105   86  118  109   82   89   96  110   81
  110  104  119  100   76  122  120  118  123  112   95  104   86   97   92
   83   97   76   87   87   84  120   85   98  108  102  103   99   94  124
  119  117   99   92  112   97  119  100  106  104   99   91   88  112  106
  116   90   82   87   75  121  121   85  110   77  122  110  118  122  107
   92  108  103  100   81  118  111  123   88  119   96  109  105  106  117
   97   76  116   87   88   97   78  101   87   75  120  115  111   91  120
   95   78   94  102  106  114  109   92   86   87   93  110   85  119   75
   76  110  111  106  101  108  112   78  117  124   79  110   77  120  102
  117  118   94   82   77  119   96  105  111  121   77  121  106   98  116
   83   93  100   81  122   76   97   88   85  116  111  112  107   99  112
   83  100   85   76   85  124  106   76   99   99   97  115  104   85   92
   77    0  115    0   85
  103  105    0    0    0
    0  113    0  105    0
    0    0    0   88   91
  107  110  100   79   83
  121  108  112   79  123
  114  101  123  117   95
   82   78  124  116   85
   98   98  124   75   82
   77   86  119  118  108
   98   80  107  108   86
   89  102   96  116   87
  121  113  110   79  113
   98   87   98   88   82
   76  114   81  115   86
  122   78  115  113  104
  112   76  122   76  103
   77  105  120   99  119
   76  100  102   87  115
   76  102  108  104   85

  Bi   hi   su   su
           time cost
 PSIZE,CV,TBO,TSCAP,AVGCAP =      2    1    4    1    7
