   20   20
    1
 2466
 1.00 0.90   8. 800.
 1.00 1.00  11. 600.
 1.00 1.00  14. 800.
 1.00 1.20   5. 400.
 1.00 1.10  14. 400.
 1.00 1.20  14. 1000.
 1.00 1.10  14. 1000.
 1.00 1.00  14. 800.
 1.00 1.10  17. 1200.
 1.00 1.20   8. 1200.
 1.00 0.90  11. 600.
 1.00 1.00   5. 400.
 1.00 0.80  11. 1000.
 1.00 1.20  14. 800.
 1.00 1.00   8. 1200.
 1.00 0.80  17. 800.
 1.00 1.00  14. 1000.
 1.00 1.10  17. 1000.
 1.00 0.90  17. 800.
 1.00 0.80  17. 800.
    0  117    0   97  116    0   75    0    0    0    0    0  112    0  108
    0  119  122    0  117  109  122    0  123   85   99  109    0  100    0
  108  110  117    0   81   94    0    0  101   78    0    0    0   86  115
   86  115    0    0  118  108    0    0    0    0   97    0   99    0   87
   90   87  110  109  100  106   82  109   96  105   82  114   78  123  107
   94  102  104   79   82   77  116   87   83  114  118  118   91  121   83
   94  109  119   86   89  108   75  103  123  106  107   93   81  102  116
  104  102   80   97   99   95   75  103   76  120  110  124  108   86   89
  119   82  114  123   94  118  122  104   84   83   93   96   82  106   84
  117   75   90  109   75   94   75   83  119   95  106  119  106   90   81
  111  100   94  115  124  117  111  105   89   86  114   87  106   83   87
   93  111   87   77   79   80  120  120  109   76   78   76  107   86   78
   94   75   79   94   93  108  120   98  112  101  113   90  106  105   78
  105  111   93  102   87   94  118  123   87   85  124  104  116   84  122
  115   77   85  120  124   84   85  101   75   77   82  104  114   95  120
   88  109   92   86  114   90   75   84   76  101  110   94   90  121   90
   78  100   81  120  117  118  100   88  111  102   78   91   92  124   90
   82   89   99   76  124   79   82   82   99   93  115   81  113   75   86
   83  112  106  116  115   83   96  119   81  107   90  102   81  108  102
  104   86   95   87  123   77  122  115   95   79  102   84   96  109  103
  117    0    0   97    0
    0   89  112    0    0
    0   96  108    0    0
    0  101   99   82   89
  115   76   78   82   89
   78  123  106  114   77
   94   99  110   87  109
  114  110   94   96  116
   91   85  108  117  109
  119  114  107   78   77
  121  119   96  112  120
   88   76  110  109   76
  123  106  109   77   84
   99  124   88  114  117
  120  107  116   84   91
  122   95  103   78  107
   97  113   90  106  105
   92  118   80  103   87
  100  112  112   98   98
  124  104   94  107  112

  Bi   hi   su   su
           time cost
 PSIZE,CV,TBO,TSCAP,AVGCAP =      2    1    4    1    7
