   20   20
    1
 1946
 1.00 1.20  14. 1000.
 1.00 1.10  11. 600.
 1.00 1.00  14. 600.
 1.00 1.20   8. 1000.
 1.00 1.10   8. 1000.
 1.00 1.20   5. 400.
 1.00 1.10   8. 600.
 1.00 0.80  11. 400.
 1.00 1.00  14. 600.
 1.00 0.80   5. 400.
 1.00 1.20   8. 800.
 1.00 1.00  11. 400.
 1.00 1.10   5. 400.
 1.00 1.10  11. 800.
 1.00 1.20  17. 400.
 1.00 1.20  17. 1200.
 1.00 0.80   5. 400.
 1.00 1.20   8. 400.
 1.00 1.10  17. 400.
 1.00 0.90  17. 1000.
   89    0   77   76    0  102    0    0    0  107   96   96    0   98  106
  112    0  107    0    0  102  101    0    0   99  123   84    0   87    0
  100  100    0    0  124    0    0    0    0    0   98    0    0  110    0
    0  121    0    0   96    0    0    0  100  100   98    0    0    0    0
   81  121  120   77  121  104  118  113   88   91   99  112   95   82  114
  104   81   91  119  121   99  106  115  112  103  124   89   86  112   83
   88  119   94  102   78  113  110  101  108   80   85   84   90   77  101
  118   83   98   77  118   86   96   87   86   82  112  113   80  120  122
  100  104  122   85   86   95   86  117  105   98   76   82  109   91   86
  103   86   84   75   92  116   94  122   89  106  115  114   89  112  103
   90  101   77   89   92   90   88  115   78   88   78   76  101  103  106
  110  106  108  117   83   87  118  105   91  111   99  112   96  110  107
   97  115   79   78  100   83  110   99   87  121  114  119  121   96   91
  104   91   98  108  108   83  103  100  102   84   76   99   98  118   89
   78   94   99  108  104  111  102  103  124  106   81   75  118  111   93
   77   89   89   83   91   96  101  103  113   92   86  111  122   87  118
  102   97  111  110  121   86  100  108  119  116   96  110   81   95   82
  120   80   85   92   75  122   85   78  105  107  101   79  100  124  106
   94  118   90   93   88  113  116  112  122  106  113  101  108  111  123
  109  113  102  112  101  113   87  111  116   79   90  123  105   76  104
    0   79   92   84   97
   90  105   98  102   76
  123  120    0    0    0
  103    0  115    0  114
   79  101   83  124   75
   92   94  100  118  100
  101   91   95   89   78
   95   78   92   89  103
  118  110  120  109  117
  120  115  102   98  100
   84   99   75  116   96
   84  112   99  103  122
   83   96  122   95  108
  105  117   77  121  112
  104  101  100   91  101
  104  112  107  123   95
   87   84  117   78   98
   80  120   75  110  113
   92   81   86   80  108
  124  123   93  114   78

  Bi   hi   su   su
           time cost
 PSIZE,CV,TBO,TSCAP,AVGCAP =      2    1    4    1    9
