   20   20
    1
 2658
 1.00 0.80  65. 1200.
 1.00 1.00  32. 1200.
 1.00 1.00  65. 1000.
 1.00 1.20  43. 600.
 1.00 0.90  65. 400.
 1.00 1.00  21. 600.
 1.00 1.20  21. 1000.
 1.00 1.10  43. 400.
 1.00 0.90  32. 400.
 1.00 0.80  65. 1000.
 1.00 1.20  21. 1000.
 1.00 0.80  54. 600.
 1.00 0.80  43. 1000.
 1.00 0.90  21. 800.
 1.00 1.00  43. 1200.
 1.00 1.20  21. 800.
 1.00 1.10  43. 600.
 1.00 1.20  21. 1000.
 1.00 0.80  54. 1200.
 1.00 0.90  21. 800.
  100    0  124   95    0    0  113   79   86  103    0   78   79  123   99
  112    0    0    0   79   76    0  115    0   78    0   91  101    0    0
   83    0    0   99    0    0    0    0    0    0  100   95  121   98  106
    0   83    0    0  103   96    0    0   77    0    0   78   81   83  119
   90   96  109   75   93   75  113   86   75   77   82   98   89   89   78
  121   82   97   83   80   79  103   89   97  121   87   99   99  124   87
   93  119  105  108  101   96  119  108   76  109  103   96  105  105  114
   77  113  108   98   76  107   87  111  108   91  113   82  109   98   92
  110  118  122   84  104   97   80   89  113  103   98   87   75  115   88
  104   90  120   86  105   89   85  107  106  103  122   95   81   84  122
   85   88  109   93   90   79  115  100   89  120   97  106   80   95   85
  106  116  114   81   95   76   79   84   95  100   89  121   97  100   97
  103   95   98  101  119   98  118   86  120  117   94  111  106  121  122
   87  104   76   90  100   77   95  117   76  118   98   82   91   99  109
   97  112  116   95  122  108  107  101  100   90   97  111   81  111  121
  122   88   76  106   88   90  101   78   97  112   89   76  106   84  119
  117  119   79  118  121   79  102   86   84   77  107   83  101   98   78
  123   79  114  104  112  111  120  101   81   86   86   89  105  115  118
   78   84   96  108  124   75   76   81  100  108  119   93  115   83   97
   78   97  121  106   79  112   88  103  109   75   94   79   78  103  103
    0    0  107    0   96
    0    0  103    0  121
    0  123    0    0    0
    0   78    0    0   77
  113  105   79  119   80
  105   83  118   88   81
   91   75   76   82  105
   99  100   84  111   95
   77  121  109  114  111
  101   92  121  119  101
   87  103  116   90   78
   81  122   75   94   79
  108   81  110  110  107
   80  123   96  105   78
  104  116  104  105   91
   87  114   77  119   93
  121   97  122   92  116
   81  113   84  114  106
  117  120  105   98   97
   88  116   86   81  113

  Bi   hi   su   su
           time cost
 PSIZE,CV,TBO,TSCAP,AVGCAP =      2    1    4    2    7
