   20   20
    1
 2175
 1.00 1.10  17. 600.
 1.00 0.90  11. 400.
 1.00 1.00  17. 600.
 1.00 0.80   8. 1200.
 1.00 0.90   5. 800.
 1.00 0.80   8. 1200.
 1.00 0.80  17. 1200.
 1.00 1.10  14. 600.
 1.00 0.80  14. 1000.
 1.00 1.20  14. 1200.
 1.00 0.80  11. 400.
 1.00 1.10  14. 600.
 1.00 1.10   8. 1000.
 1.00 0.80  17. 800.
 1.00 1.10  14. 1000.
 1.00 0.80  17. 600.
 1.00 1.20   5. 800.
 1.00 1.20  14. 1200.
 1.00 1.10   5. 400.
 1.00 1.20   5. 800.
    0  124  111  105    0   99    0    0  118    0    0    0    0  107    0
   88    0    0  120   85    0   99   89    0    0    0  124   80    0   98
  107  110   96   80  122   82    0    0  106    0   92   84  123    0    0
   86    0    0    0    0  122   87    0    0  103   79   85    0  117  100
  114   75   82  110  105   99  106  114  107  107  112   84   76   98   91
  120  120   86  122   87   87   92  109  104  104  116   87   85  124  102
   86   78   95  100   87   86   78   95  100  113   94   96   96  104  103
   87   90  102   86   85   82   77  123  118   78   95  102  123   83  117
   75  113   84   91   90  121   92   77  106   76  121  114  121  107   77
   96  107   92   81  106   88   94  116   78   86  110  117   91   77   91
  122  103   99  115  119   87  116   91  108  113  111  110  118  100   86
   99   76  123   78  107  123   77  123  122  121   97  124   75  110  112
   97   99   86  112   77  113  108  121   84  102   95  105   84  103  101
   82   96   76   75  111  118   92   93   97  109  120  115  110  114   75
   86  119  117  102  106  120  113  117   98   82  120  103   93   88  118
   81   87   91  110  123   99   97  112   87  121  115   75   75  124   96
   77   85  118  121   76   85  123   96  102   90  111   86   94   80  112
  104   85   91  122   83  120  100  122   96   86   87   96   77   78  122
  123   89  120   98  111   75  104   87  103  119  103   98   93  101   76
  116   87  107   95  118  109  113  106   82  110  104   98  106  121  121
   80   98    0  103  111
    0    0    0   89    0
  110  123  101  107    0
  101  124    0  101    0
   94   82  100   98   86
  107   99  114   80  113
   85   75   84   80  123
   79   85   91   75  103
  100   88   91  105   92
  102   79  122   96   84
   76   83  109   94  119
   88  101   94  111  101
  104  114  118  120  124
   79   96  103   94   94
   92  118   78   96  115
   97  111   81  117  101
   84   98  122  109   80
  109   80   77   86   75
  113  121   95   84  107
   75   84   76   93  115

  Bi   hi   su   su
           time cost
 PSIZE,CV,TBO,TSCAP,AVGCAP =      2    1    4    1    8
