   20   20
    1
 2345
 1.00 0.90  54. 1000.
 1.00 1.20  54. 400.
 1.00 0.90  32. 400.
 1.00 1.00  21. 600.
 1.00 1.00  65. 600.
 1.00 0.80  65. 1000.
 1.00 0.90  21. 600.
 1.00 1.10  21. 1000.
 1.00 1.00  32. 1000.
 1.00 1.20  43. 1000.
 1.00 0.80  32. 600.
 1.00 0.90  54. 600.
 1.00 0.80  43. 800.
 1.00 1.10  54. 400.
 1.00 1.10  21. 600.
 1.00 1.10  54. 800.
 1.00 0.90  43. 600.
 1.00 0.80  21. 1200.
 1.00 0.90  65. 1200.
 1.00 0.90  54. 1200.
  116  120    0  124    0    0    0    0    0    0    0   88    0    0  104
   80   84    0    0   82    0   87   81  100    0   99    0    0   76    0
  103  101    0    0   78  111   89  113    0   92    0    0  117    0    0
    0    0    0    0  104   96    0    0    0    0    0  109    0   86    0
   96   92   87  119  102  122   75  102  116  101   82   96  122  123  112
   88   77  117   88  112  106   91   83  124  124  120  107  110  103   88
   96  105  105   87   96   81  104  123  122  123  109  124  108  118   86
   75   87   89  102   94  100   93  112   92  118   81   84   78  108   80
  115  121  124  120  107   85   93   88  111  109   86  112   75   98   96
  111   96  117   98   82  119  104   76   89   96  111   89  115  116  101
  101  105   91  118  117   82   76  117   93  107   95  115  118   90   88
   80   78  100   82   82   95  124   92  123  116  110  108   94   83   76
   80  118  110   97  106   77   78   75   90  118  122   88  119  104   75
  122   94   98   85   85   94   93   77  102  102  122  103   98  113  115
  122  112  122   79  121   84  109   83  113  112   92  117   76  115   86
   95  113   87  108   99   82   87   82  111  108  104  114  121   85   84
   88  105  120   95   91   98  104   89   89   84  101   83  104  110   94
  114  120   80   89  114  109   93  112   96  111   85  115  105  111   97
   91  108  110   96   76   98   86  120  120  111  104   93   75  115   95
  121   90  121   90   94   97  124  102  109   83  112  108   77   86  122
   79    0    0    0  101
    0   91    0    0    0
   97    0    0    0    0
  104  117    0    0  121
   95  105  111  121  108
  115   79  122   97   90
   88  106  123   81  104
   80  108  106  122  102
  119  106  113   98   89
   85  115  105   86   88
  118   89   88  122  118
  107   88  115   77  107
   81  110  112   89  107
   83  121   99  115  111
  119  113  102   88  101
   91   81   89  102   91
   90  123  104  123  121
  124   84   83   89   82
  110  115   85  106  103
   80   75   78   90   92

  Bi   hi   su   su
           time cost
 PSIZE,CV,TBO,TSCAP,AVGCAP =      2    1    4    2    8
