   20   20
    1
 2658
 1.00 1.20  65. 800.
 1.00 1.10  54. 1200.
 1.00 1.00  54. 1200.
 1.00 0.90  43. 400.
 1.00 0.90  54. 1000.
 1.00 1.10  32. 800.
 1.00 0.90  65. 1000.
 1.00 0.90  54. 1200.
 1.00 0.80  32. 600.
 1.00 1.00  65. 400.
 1.00 1.00  54. 400.
 1.00 1.10  21. 800.
 1.00 0.80  21. 800.
 1.00 0.80  21. 800.
 1.00 1.20  32. 1000.
 1.00 0.80  65. 600.
 1.00 1.00  54. 1200.
 1.00 0.90  54. 1000.
 1.00 0.80  65. 800.
 1.00 1.20  32. 1000.
   90    0    0    0    0  116    0    0   98  101    0   81    0   92    0
    0    0   90  104    0  105    0   84  124    0    0   81    0   75    0
    0    0    0    0   96    0   77    0    0  103  102    0  109    0    0
   92    0   91   82    0  107    0    0    0    0  120    0    0   96    0
   90   98  117   80   88  105  118  109   88  123  119   82   87   81   95
   87  112  113   83  108   85   89  113  110   75   93  115  112   75   75
  105   88  102  107   97  102  112   97  117   86   78   91   91  119   94
   78  111   94  107  107   82   75  109  111   93   75  113   82   81   98
  108   82  117   93   85   75   80  103   82  105  120  124  100  121   91
  110   95   75   75  119  116   90   80   75  122   85   81  117   99   88
   92  117   79  107  113  121   88  106   78  109   89   76   99   97  116
  103  108   95   90   88  114   76  110  109   94   98   84  103  101  103
   76   79   90   78  104  106   78  109   78  116  120  113   92  107  124
   96   83  116   77   77  121  107  104  116  107  115   76  108   94   79
   97  109   96  108   76  104   76  114   80  107  104   95   92  119  115
  102  108  122  115  112   81   81  103  120   88  114  121   86  118  111
   79  113   96   76   97   86   77   89   88  122  115  119  111   95   85
  113   76  119  106  116   90   87  104   75   86   86   91  122   90  111
  124   76   93  109   99   76   99  101  110   95  123   86  106   97  109
  124  115  124   96   93   89   99   80  121   80  113   82  109   96  111
  104   78    0    0    0
    0    0    0  110    0
    0  120   85   94   85
    0    0    0   90    0
   81   85   78  105  110
  120  121   90  122   95
  123   92   85   81  112
   90   92   86  112   77
   92  118  111  124  121
  101   97  123   98  115
   86   77   92   95  107
   83   89   84   99  122
  100   97   80  115  102
  105  102   99   76  100
   84   80  119   75  117
  102  122  110  107   93
   83   83  101   91   99
   88  109   95  100  114
  119   89  102   90   89
  116  123   86  102  120

  Bi   hi   su   su
           time cost
 PSIZE,CV,TBO,TSCAP,AVGCAP =      2    1    4    2    7
