   20   20
    1
 2098
 1.00 0.80  54. 600.
 1.00 0.90  65. 400.
 1.00 1.00  21. 400.
 1.00 1.00  32. 1000.
 1.00 1.20  54. 1000.
 1.00 1.10  65. 800.
 1.00 1.00  32. 1000.
 1.00 0.80  43. 600.
 1.00 1.10  43. 600.
 1.00 1.10  21. 800.
 1.00 1.00  65. 400.
 1.00 0.80  43. 400.
 1.00 0.80  32. 600.
 1.00 1.10  54. 400.
 1.00 0.90  65. 1200.
 1.00 0.90  21. 800.
 1.00 0.90  32. 400.
 1.00 1.00  21. 400.
 1.00 1.20  43. 1200.
 1.00 0.80  43. 400.
   89  121    0  115    0    0    0    0  114  119  101    0    0    0   89
  122   99  102    0    0    0    0    0   77   89   91    0   93    0   97
    0    0    0    0    0   82    0  108    0   89    0    0    0    0  119
    0   89    0    0   82  114    0   82    0    0  120   95   98    0    0
  107   96  122  124  115  101  119  116  120  116  111  118  113  110   79
  101   96   93  118   76  108   95   82  116   88  119   93  118  103   82
  116   81  100  105  104  107  109  123  108   95   83  122  108   77  107
  121   76  105   80  107  103   87   81  105   83  121  101   99   86   82
  118  107   77  116   82  111  106   76  121  115   76   82  102  108   77
  107  109   95  109  106  116   90  107  116  106  111   88  106   80  122
  113  107  119  100  105  121  105   92  119  112  100   81   75  114   90
   95   83  121  103   84  117   77   96  120   87  111  114  116  106  111
  105  106   94  120  103   88   93  102   92   87   90  111   84   81   77
   79   85   99  110  113  122  123  104   78  120   97  103  112   96   87
  114  105   96  111   88  111  101   94   85   92   76  102  113   78  104
  107   86  122   81   85   78   98  120  124   83  104  107  110   98   88
   93  113   99   92  115  118  107   76  116   90   77  103  104   78  122
  119   97   93   80   94   85   89  114  117  108  117  109   94   76   86
   88   85  116  106  114  103   90   75   88  102  109   80  123   93   87
   97   90   99  123  103   94  121  111   96   97  112   86  112   79  119
    0    0  109    0    0
   76    0   89  123    0
    0    0  119  118    0
    0    0   82  106    0
  111   88   76  113   77
  103  117  115   78   98
   88  106   81   76  122
  118   95   83   75  102
  114  122   88  100   90
   86   87   97   92  101
  121   93  100  124   86
  116   83   83  105  113
   78  121  103   81   76
   86   78   96  106  116
  107   81   96   88   94
  107   80  111   78  120
  104   80  110  118  124
   81  110  110  104   94
  108  100  109  100   81
   80  121   78   99   80

  Bi   hi   su   su
           time cost
 PSIZE,CV,TBO,TSCAP,AVGCAP =      2    1    4    2    9
