   20   20
    1
 2658
 1.00 1.20  21. 400.
 1.00 0.80  65. 800.
 1.00 0.80  43. 400.
 1.00 1.00  32. 1000.
 1.00 0.90  54. 400.
 1.00 0.90  21. 600.
 1.00 1.10  32. 800.
 1.00 1.10  32. 400.
 1.00 1.20  54. 1000.
 1.00 0.90  54. 1200.
 1.00 1.10  54. 400.
 1.00 1.20  21. 1200.
 1.00 1.20  32. 400.
 1.00 0.90  21. 800.
 1.00 1.10  21. 1200.
 1.00 0.80  21. 1000.
 1.00 1.10  32. 800.
 1.00 0.80  43. 800.
 1.00 1.00  32. 1000.
 1.00 1.10  65. 1200.
    0  116    0    0  120    0  107  124  123  122   96   89  124    0   84
    0    0   94    0   99   88  124    0  109    0    0  106  117  123  122
  107    0    0   89  114    0   88   90    0    0  110    0   87    0  124
  121   86   96   93   89    0   95   82    0    0    0  103    0  102    0
  118   77  107   84   88  123  119  103   75   88  102  102   95  107  124
   76  115   86  117  103   87   86   82  120  106  105  105   86   95   78
  104  117   83   80   88  101  100   92   79  116  116  114   81  117   99
  110  115   77   87   81   97   90   76   93  114  102  107  124  100   95
   79   99  122   79  118  123  116  117  123  119   82  114  121  109   93
  104  114   95   93   99   97  112  112   79  115  112   76  102  106  118
  117   91   76   89   97  116   80  124   97   81  119  105   88  123  123
   76   99   99   99  103   95  102  118  111   75  102  121   75   78   87
  117   93  107  117   88  118   88  106  123   80  119   75  119  112   95
  117  122   95   76   85  119   77   83  101   93  108   92  119  111   96
   85  123   94   95   89   84  104  102   81  103   75   87   96   87  109
  100   77  123  120   86   99  107  123   94  119   95   82   91   96  117
   79   82   79   81   78   86  109  109   81  105   78   95  101  122  107
  112  108   98  106   95   80   75   81  110  112   89   86  109  113  102
  104   97   76   88   96  119   86  108  107   77  123  116   94  116  110
   81   82  113  117  119  102  117  106   76  102  107   98  110   96  122
   88  123    0    0  101
    0    0    0    0  101
    0   83  101    0    0
    0  114    0   98    0
   98   86  114   92   93
   95  105   91   93   77
   94   99   85  105   95
  117  107   81   97   91
  117   95  122  109  104
   78  121  102  101  114
  102  110   89   90   89
  121  116   78   86  110
   86   86   93  124  109
  118  101  118   91   76
  103   99  119   88  120
  121  113   86  102   77
  102   81  106   88   94
  110   88   93  102   85
  104   99   85  105   99
  104   76   90  106  109

  Bi   hi   su   su
           time cost
 PSIZE,CV,TBO,TSCAP,AVGCAP =      2    1    4    2    7
