   20   20
    1
 2466
 1.00 0.90  17. 1200.
 1.00 0.80  17. 800.
 1.00 0.80   5. 600.
 1.00 0.90  11. 1200.
 1.00 1.10   5. 1200.
 1.00 0.80  17. 800.
 1.00 1.10  11. 1000.
 1.00 1.20  17. 800.
 1.00 0.80   8. 1200.
 1.00 0.90  14. 400.
 1.00 0.90  14. 600.
 1.00 1.10  14. 600.
 1.00 0.80   8. 400.
 1.00 1.10  14. 800.
 1.00 1.00   5. 600.
 1.00 0.90   5. 1000.
 1.00 1.10  17. 1200.
 1.00 1.00   5. 600.
 1.00 1.00   8. 400.
 1.00 1.00   8. 600.
  120   93  104    0    0    0    0    0  100    0  107    0   91    0    0
    0  107    0    0  120  122    0    0    0    0   88   76  105   83    0
    0  109  116    0    0    0    0    0   97    0   95    0   99    0  122
   92   86    0  106    0   90  123    0    0  115   85  114    0  117    0
   76  110  110  103  112   94  122   90  112   91  116  103  100  100   95
   78  100   87   81  101  107  108   88  110   93   86   83  120  100   79
   75  112  123   86   81  110  112   89  108   77  114  119   76   75  111
  122  114   84  107  121   87   76  119  111   86   75  124   87  105   80
   84  123  103  119  107  122  116   97  118  115  124   91   98  105  114
  122   93  123   76  120  110   82  102  107   97  110  100   96   75  117
  102  111   90  118   78   94   93   86   77   83  105  121   98   78  121
   76  124   87   79   88  108   94   77   94  110   94  117   90   96  109
  116  102   88   78  121  101   98  106   98  121  102  101   88  110   97
   99   98   96  118   78   93   96   80  122   83   94  104   88  111  103
  113  121  117   84   94   91   80  110  117   93  112   90   85  102   81
  106  113  122  122   81  107   93  106   86   80  107  100   96   77   81
   81   80  102  120   96   75  122   78  114  110  119  106   87   93  112
  107  107   88  114  115  103  104   97  104  116  107   93  105   79  122
   89   91   90  121   91  124   99   89   77  106   79   87  110  104   98
   87   90  111   81   91  110   91   84   85  102   77  111  101  124  118
    0  109  122    0   98
  107   77    0  107    0
  113    0    0    0   84
    0    0   85   87    0
  100   83  113  106   85
  105  108   75  103   76
  120  105  124  122   88
  101  122   85  106  106
   88  108   86  113   85
  105   97   94   87  100
  103   79   89  124  115
   97   91  108  110   95
  106   75  122   76   81
  111   85  114   98   82
   78   87  121  117  106
   88   95  116  101   84
  116  119  107  100  120
   97   95   89  110   88
  105   93  123  100  102
   97   95  121   99  111

  Bi   hi   su   su
           time cost
 PSIZE,CV,TBO,TSCAP,AVGCAP =      2    1    4    1    7
