   20   20
    1
 2175
 1.00 1.10  14. 600.
 1.00 0.80  11. 1200.
 1.00 1.20   8. 1200.
 1.00 0.80   8. 1000.
 1.00 1.20  17. 1000.
 1.00 1.10   5. 400.
 1.00 1.00  14. 800.
 1.00 1.00   8. 400.
 1.00 1.10  14. 1000.
 1.00 0.80   5. 1000.
 1.00 1.00   8. 400.
 1.00 1.20  14. 1000.
 1.00 0.90  11. 400.
 1.00 1.20   5. 600.
 1.00 1.10   8. 1200.
 1.00 0.80   5. 800.
 1.00 0.80  14. 400.
 1.00 1.00  11. 400.
 1.00 1.10   5. 1200.
 1.00 1.10  11. 1000.
  105    0    0   90    0    0  114   97    0    0   75    0  105    0   92
    0    0    0    0    0  120    0  111    0    0  100   87   83    0    0
  111    0  123   83    0   99    0   96    0    0    0    0   84   89   81
    0    0    0  114    0   90    0  113   95  122  103   76   96   79    0
  106   82   85  123   94  117   89   91   95   86   92  116   98   90   94
   84   82   85  122   94  101  124  122  116   98   95  105  115   96   90
   96   89  100   83  107   80  110  120   88   84  113  100   78   80  123
  108   91   88   79   79  113   98  115  100  108  118  113  109   96  111
   80   85   90   77   99   85  100  122  123   83   90   91   79  122   99
  111  116  109  101   84   84   93   93   90   77  102  103   99  122  100
  121  114   92  101  113   90   79  111   83  106  120   84  119   84   96
   91   86   97   93   81   78   88  124   76   81  103   75   88  100   90
   94  124  101  121   82  122  116   98  115  122  105  111  124   99  111
  120   92  103   98  120  119  108   95  115   93  121   94  103  111  114
   75  103   77   75  106   90   81  123   83  112  105   85  106  106  112
  114  100  113  100   98   88   77  123  115  113   80   93   77  103  106
  119   87   95   75   97   92  101  118  111  101  122  109   85   79  108
  101   94  112  106  116  118  103   99  100   81  117  103  115  106   97
   92   85   85   91   79  100   80   86  100  105  105   90   84   96  104
   94  113   93  109  101  112   79   75   82  118   93  101   81  117   99
    0    0    0  102    0
   80   79    0   75    0
    0    0    0    0   86
    0   84  102   92    0
   92   75  100  110  124
  108  115  123  110   81
   92  106  118   76   82
  115  123   84   94   97
  106  109   81  102  119
   81  101  112  103   76
  106   85   78  102   93
  103   94  117   89   92
  114   97  122  122  102
   95  116  121   96   94
   93  119  104   79   79
   86   79  102   81   83
  118  114   87  104  124
  109   97  116  108   96
   79  101   85   89  110
  114   85   87  110  107

  Bi   hi   su   su
           time cost
 PSIZE,CV,TBO,TSCAP,AVGCAP =      2    1    4    1    8
