   20   20
    1
 2466
 1.00 1.00   8. 400.
 1.00 1.20   8. 800.
 1.00 0.90   8. 1000.
 1.00 0.90   8. 1000.
 1.00 1.00  11. 1200.
 1.00 1.10   5. 1000.
 1.00 0.80  11. 600.
 1.00 0.80  11. 800.
 1.00 0.80  17. 400.
 1.00 1.00  17. 1200.
 1.00 0.80   5. 1200.
 1.00 0.90  14. 800.
 1.00 1.20  11. 1200.
 1.00 0.90  14. 1200.
 1.00 0.80  17. 800.
 1.00 0.80  11. 1200.
 1.00 1.00   5. 600.
 1.00 1.10   8. 1000.
 1.00 0.80  14. 800.
 1.00 0.80  14. 400.
    0   81  105    0   97    0    0    0  109    0    0    0    0    0  100
   88  107    0  113    0    0   96  114   75    0    0    0    0    0    0
  124  120    0   86    0   86  123    0   91    0    0  113    0   84  121
  115    0    0    0   98   81    0    0    0    0    0    0    0    0    0
   84   97  114   95   93  118   78  119   88   96  118   80  106   95  102
  105  118   85   84   91   87  105   77   89   84  102   96  111  111  100
   87  119  111   89   88   76  110  104  124  124  123   93  115   83  120
   97  118   96  114  111   98  108  108   82  120  108   93   78  104  107
  105   77  106   76   75  116   93   90  107  112   88  124  121   84  106
  107   90  100  123  102   86  110  114  101  124   96  124   88   82  100
  122  109   79   93   85  102   81   83  118   84  106  109  102  116  122
  106   94   91  124   94  111  107  104   91  103   81  103  120  116  108
  103   90  100   77  102  101  113  116  112  120  123   97   86   77   86
  114  101  100  116  111   88  104  116   81   75  120  118  120  121  119
  117  103   91   85   91  123   96  104   75   82  115   79   96  103  120
   85   90  123  103  117  100   93   85  122   92   93  115   85   82   82
  107   82   75  113   79  113   91   85   94   85  116  102  117   80   84
   81  100  104  122  117   76   91  105   96   93  114   75  109  105  112
   77  121  103  109   79  112   95  103  105   98  102   77   82   98   88
   96   92   86   86   90  115  105  118  107  105  120  100   96  124  112
    0   80    0   79  121
    0    0    0    0    0
    0   93   93  114    0
    0    0    0   93    0
   98   97  122  118  108
  120  105  102  122  105
   99   97   89   93   95
  108   93  124   80   88
  115  112  100  112  113
   95  119   90   86  102
  123   85   97  103   86
   76  103  121   91   94
  121   75  104   79   79
  120   89   93   98   92
   86  106   93  114   80
   97   83  104  110  124
   84  100   78  105  113
  123   89  124  113  114
  105  119   86   88  101
   86   89  108  123   94

  Bi   hi   su   su
           time cost
 PSIZE,CV,TBO,TSCAP,AVGCAP =      2    1    4    1    7
