   20   20
    1
 2345
 1.00 0.80  65. 400.
 1.00 1.20  65. 400.
 1.00 0.90  65. 1200.
 1.00 0.90  43. 1200.
 1.00 1.10  21. 400.
 1.00 0.90  21. 1200.
 1.00 1.10  65. 600.
 1.00 0.90  21. 600.
 1.00 0.80  32. 1200.
 1.00 0.80  32. 400.
 1.00 0.90  43. 400.
 1.00 0.80  54. 400.
 1.00 1.00  32. 1200.
 1.00 1.00  32. 400.
 1.00 0.80  54. 600.
 1.00 0.80  54. 800.
 1.00 0.80  21. 1000.
 1.00 1.10  21. 600.
 1.00 1.20  21. 800.
 1.00 1.20  43. 1200.
  114    0  103   75    0   76  109   97  115    0    0  124  122   90  114
   84    0    0    0    0    0  121   99    0    0    0   83  101    0    0
  122    0  120    0    0    0    0   79  114    0    0  122  119  115    0
    0   91   87    0   81    0    0   91  101  124    0    0    0    0    0
  121   76  106   84  122  102  119   87   90  103   95   97   94   88   88
  120  113   90  107  114   93   86   77   83  108   79   75   90  110   86
   96   96   83   90   91  124   96   96   81  105   79   98  114  114  124
   76   96   85  121   89   86  118  107   78  124  115  104  105   94   82
   94   85   93   82  105   75   98   98  123   96  124  111  108  106   75
   89   92   89   81   86   84   75   95   81  111  120   77  118   93   76
  108   91   96   94   95  122  101  117  112  108  104  112  111   91  121
   87  117   98  106  100   99  121   97   76  114   76  113  124  105   76
  121  107  104   96   94   94   89  116  120  113  118   99   86   87   90
   88  101  102   97  120  105   98   75  105   86   86   92  121   97  121
   79   87  107   91  103   87   83  113  111   90   90   84   88  120  106
   82   86   80  104   81   97   87   79   94   91   93  103   90  103   94
  105  100  113   96  105   75  105   82   91  102  100  107  112   85  111
   80   90  120   85  102   78  114  112  108   79   97  109  121   97   98
  101   84   78  115  114   86  120  124   77   95  118   83  100   89   75
   89   78  117   78  103  102  111   98  101   98  103  106   84   75   92
    0   75   96    0    0
    0  118   82    0   92
  108    0   95    0   85
    0   83   87  124    0
   82   96   81   99  103
  122   87   92  105  111
   99  113  123  103   96
  119  108   98   76  107
  113   82  108   87   97
   95  122   87  117   94
  105   93  124  106   78
   99  101   84  107  118
  110   79   86  104   80
   89  113  108  115   76
   85   75   81  106   92
  118  114  116   85   97
   78   98  121  102   76
  112  103   99  120   90
   92  119   86  113   84
  114  109   90   84   97

  Bi   hi   su   su
           time cost
 PSIZE,CV,TBO,TSCAP,AVGCAP =      2    1    4    2    8
