   20   20
    1
 2175
 1.00 1.20  14. 600.
 1.00 0.80  17. 600.
 1.00 1.10  17. 400.
 1.00 1.20  11. 600.
 1.00 1.10   5. 1000.
 1.00 0.80   8. 600.
 1.00 1.20  14. 600.
 1.00 1.00  14. 1000.
 1.00 1.00  11. 600.
 1.00 1.10  17. 1200.
 1.00 1.00   5. 1000.
 1.00 0.80  17. 600.
 1.00 0.80   5. 400.
 1.00 1.20  14. 400.
 1.00 0.90   8. 600.
 1.00 1.20   5. 400.
 1.00 1.20  14. 800.
 1.00 1.20  17. 1200.
 1.00 1.20   5. 600.
 1.00 1.20  11. 600.
    0    0    0   99   98    0    0   78  113    0   84    0    0   95   82
    0   94   82   93    0   80    0    0   91  109    0  116    0    0  111
  122   86   87    0    0    0  108   89   88    0  121   95    0  107  113
   80    0    0    0    0   82    0    0   84    0    0  104  116  110  108
   81   95   78  119   86  113   82   76  116   94   93  103  120  111  108
  122  105   88   77  120   99  116  120   87   87   86   82  114  121  114
  124  122  113   76   97   84   91   77   91   90   94   88   86  120  124
  114  107   82   77   77  114  120  103  115   86   87   93  119   79   93
   90   80  123   91   81  116   95  100   90   98  120   95   98   98   76
  105  105   87  120  116   83   91   94   83  107   77  123  115  114   86
   86   84   82   82  100   99   94  124  103   83   89   85  106  106   89
  103   97   80  115  100   88  114  121   88   79   82   77  121  102  104
  120  106   83   92   92   90   88  115   81   85  123   99  100  100   77
   87   90  110   76   94  115  102   93  119   83  117   83   82   92  100
   79  108  118   90   93   87   81  106   88   94  108   89   80   82  113
   79  110   78   79  117  118   93   78  104  106  124  113  113  103   92
   93  103  119  104   79   78  108  124   95   92  117   80  113   83  111
   92  100  112   86   89  105  116  120   89  101   83   79   76   93  117
  111  111  105  117   77  118   95   88  122  120   91  107  107   81   97
   80  118  115   98   76   83  114  116  102   91   94   83   83   96  115
    0    0   82    0  124
    0   89  121  100    0
  122  119   91  110  124
   90  116    0    0   77
   88  104  110   76   95
  115  100  110   82   78
   82  100   92   82  112
   83  117   78   81   78
  106   86   78   96  110
   98   94   85   90   75
  100   82   79   87  109
  108   87  122   78   87
  121  112  106   91  112
   86   77   90   92   85
  124  106  101  109  114
  102  123  110  103   94
  101   99   84  119   88
   93   82   78   81   81
   87   80   97   97  106
   86   92  118   86   89

  Bi   hi   su   su
           time cost
 PSIZE,CV,TBO,TSCAP,AVGCAP =      2    1    4    1    8
