   20   20
    1
 2345
 1.00 1.20  43. 400.
 1.00 1.10  54. 800.
 1.00 1.10  21. 1000.
 1.00 1.00  32. 800.
 1.00 0.90  54. 800.
 1.00 1.20  32. 400.
 1.00 1.20  32. 400.
 1.00 0.90  54. 600.
 1.00 0.90  32. 600.
 1.00 1.00  54. 800.
 1.00 1.10  65. 1200.
 1.00 1.20  54. 1000.
 1.00 1.20  21. 600.
 1.00 1.10  43. 1200.
 1.00 1.20  65. 400.
 1.00 1.00  32. 1000.
 1.00 0.80  32. 600.
 1.00 1.00  32. 600.
 1.00 1.10  54. 800.
 1.00 1.20  32. 400.
   79    0    0    0    0    0    0    0  105  110   94    0  115   95   83
  124  108   90   89    0  103    0    0   82    0    0    0  115    0    0
    0   84  119   82  110  105    0    0    0    0   95    0    0   97    0
    0   94    0    0    0   78  106  119  106    0    0   81    0  119    0
  120  100  121  113   85  101   79  124  105   75  121   76  106   90  102
   98   99  107   97  102   80  103   80  119  121  121  109   89   76  103
  101   79  124  110  124  106  124  116  102  119   88  117   91  120   75
   91  121   85   85   96   98  119  122   99   78   88  117   92  101  114
   78  117   80  114   86  124   94  113  116  110  111   82   92  108   78
  119   85   98  112  107  121  110   94   92   79  115  110   90   99   75
   78  108  124  123   90   82   81   94  123   75   84   80  122   86  113
   98  117   81   95   76  106   82  113  116  117   91  108  110   94   89
   83   76  111  108  109   88   98   81  111  122   85  106  102   94  122
   84  111   89  117  124  103   84   90   87  105   83  116   82   80   91
   81  106   83  119   87  121  112   85   78  104  103   89   98  122   85
  120   84   95   98  100  112  117   75   85   78  106  112   94  105   96
  104   92  121   97  104   93   75  119  110  114  123  121  114  120   78
  105  114   86  121   76  112  116   94  120  106   80   97  102   83   93
   88  111  103  111  108   90  114  104   86  124   94  112  111  116  108
   86   97   98   85  109  117   77  120  104  121  105   94   81   89  106
   99   83    0    0   79
  105    0  109    0    0
    0    0  108   76   83
    0   79    0    0    0
   88   76  109  101   86
  113   77  122  115   93
  110  112  116  124   80
  119   94  102  103   78
  114  115   75  122   79
   94  124   75   81  113
   82   80   90  111   93
  116  121   94   83   80
   91  108   83  101   88
  119  119  112   96   81
  104   93  107  115   79
  111  113  113  100  101
   78  116  117   75  109
   97   84   84   97  117
  119   93   95   99  100
  118  101   97   98   82

  Bi   hi   su   su
           time cost
 PSIZE,CV,TBO,TSCAP,AVGCAP =      2    1    4    2    8
