   20   20
    1
 1946
 1.00 1.00   5. 1000.
 1.00 1.20  11. 800.
 1.00 1.00   8. 1000.
 1.00 1.00   8. 800.
 1.00 1.20   5. 1000.
 1.00 1.00   5. 400.
 1.00 1.10  17. 1200.
 1.00 0.80   5. 400.
 1.00 1.00   5. 600.
 1.00 0.90   8. 800.
 1.00 0.80   8. 400.
 1.00 0.80   5. 1200.
 1.00 1.20  17. 800.
 1.00 0.80  14. 800.
 1.00 0.80  11. 600.
 1.00 1.20  11. 600.
 1.00 0.80  11. 600.
 1.00 1.10  14. 800.
 1.00 1.00  14. 1000.
 1.00 0.80  14. 400.
  102   98  119   94  122  113   85    0    0  122    0  104    0  117  112
   85    0  102    0    0    0    0    0  124    0   93   81   98   95  108
    0   85   84    0    0  108    0   84    0    0    0  111   79  106    0
   85    0    0   83  101    0    0    0    0    0    0   78  108    0  104
   95   95   87  118  107   98  112  106  113  124   88  104  119  124  114
  110   97   82  121  118   87   99   99  101   91  116   75  122   75  100
   81   84   76   97   84  113  101   80   84   80  124   97  104   92  120
   98   78  119   87  112  118   83  102   96   84  123  109   94   79   75
   91   82  122  122   78   90   84   92   83  121  103   83   88   78  120
   84   97  113  122   93  120   86  103   79  117  114  122   91   83  122
  104  114   97   78   79  121   91  118  113   83  113  110  103  119   78
  104  114   96   98   89   86  118  110  115  111   93  104   98  109   90
   92   80   99  109  104  104  115  102   98   96  118   79   75   82  121
   82   85  121   90   88  121  108   82   95  117  108   87  124   88  110
  105   93   98   87  101  111  122  114  108   91   95   90   89  119   90
   96  108   99  108   75  122   82   90  102   84  121   97  102  105  113
   77   89   89   77  108   88   78   78  109   85  102   80   76   82  111
  101   88   85  111   83  105  110  121   87  122   77   86  118  107  105
  102  102   92  112  102  119   86   81  112   76  124   89   87  120  115
   84  100   82   77  124  122   90  109   76   94  123  117   95   95  108
    0  116  103   99    0
    0  120    0    0   87
   97  112   84    0    0
    0    0    0   87  116
  118  118  111  121  108
  112   86  113   81   78
  120  108  119   94  101
   90  112   92   91  113
   94   95   88   80   84
  113   78  104  107   82
   87  116   92  114   83
  108  122  105  116  120
  111  123   94  120   78
   97   86  121   80  108
   86  102  123  106   84
   82   82   98   89  108
  103   86  104   83  102
  101  113   90  124  111
  102   98  122  111  122
   79  120   88   88   84

  Bi   hi   su   su
           time cost
 PSIZE,CV,TBO,TSCAP,AVGCAP =      2    1    4    1    9
