   20   20
    1
 2345
 1.00 1.20  54. 1000.
 1.00 1.20  21. 800.
 1.00 1.20  32. 1000.
 1.00 1.10  43. 400.
 1.00 0.90  21. 1200.
 1.00 1.10  32. 1200.
 1.00 0.80  32. 1200.
 1.00 1.00  43. 800.
 1.00 1.20  21. 800.
 1.00 0.90  65. 800.
 1.00 1.10  65. 400.
 1.00 0.80  65. 1200.
 1.00 0.80  65. 400.
 1.00 0.90  32. 1000.
 1.00 1.00  65. 600.
 1.00 1.10  43. 1200.
 1.00 1.00  32. 1000.
 1.00 0.90  32. 600.
 1.00 0.80  54. 1000.
 1.00 0.90  32. 600.
   83   91   91    0  115    0   89    0   76   97    0    0   84   77  108
  120   78    0    0    0    0    0  103    0    0  102   89  108   77  117
  107    0  122  105    0    0    0    0    0    0   99  116    0   91   98
    0   79   85   96    0    0    0    0  100  104  100    0  109    0   83
   91   78   95  107   75   84   76   95   78  110   95   91   97  101  101
   80  106   99  123   80   93   77  102  100  109  121  101   93  104  123
  112  120   92  101   92   96  109   80   75   78   91   87  103  116  117
  119  118   82  118   97   93  110   80  115   97  123   95   99   76   77
   93  110   80   95   83   75  100  106  111   85  116  111   89   83   98
  106  124  110   95   96  115   84  108  121   77  114  121  113   87  110
  100  102  114   82   76  115   84  100   77  104  110  124   80  114   92
   75  106   94  123   95  100  114   97  105   95   84  104  101   75  106
  105  120   76  116   88  117   88   89   88  123  122  121  100   92  100
   75   79   98  112   83   93  102   86   88  106  124   91  122   90  109
  108   94   78   76  103  120  111  111   76  106   86   82  120  106  106
   90   93   81   80   95   90   86  107   95   96  112  116   98  121   77
   97  110   76  118   99  108   98  108  103   83   86  118  114  111  106
   82   96  120   90   77  101  101   97  123   76  118  101   91   75   84
   89  116  119  110   82   78   81   82  114  121  107   86   94   79  112
   84   86  109  110   84  118   76  111  105   99   77   81   94  124   77
    0   75  109    0  104
    0    0   92    0   81
  108  106   95   79   96
    0    0  122  104   85
  123   93   88  116   86
   94   94  112  108  100
  120   85  116  113  121
  124   76   88   86  123
   77   93  103   90   77
  107   87   86   79   96
   77   83  103  100   77
   91   83  124  121  107
  112  109   84   75   94
   80  120   77  102  100
  107  121   83  101   95
  116   77   81   89  103
   97  113  118   75  105
  122  103  102   86   85
   85   85   86  105   85
  115   76  104  118  121

  Bi   hi   su   su
           time cost
 PSIZE,CV,TBO,TSCAP,AVGCAP =      2    1    4    2    8
