   20   20
    1
 1946
 1.00 1.00   8. 800.
 1.00 1.00  14. 400.
 1.00 1.00  11. 1000.
 1.00 0.90   8. 1200.
 1.00 0.90   8. 800.
 1.00 1.10  17. 400.
 1.00 1.10  17. 800.
 1.00 1.10  17. 1200.
 1.00 0.90  17. 400.
 1.00 1.10   8. 800.
 1.00 1.20  14. 1200.
 1.00 0.80  14. 1000.
 1.00 0.80  11. 400.
 1.00 1.10   5. 600.
 1.00 0.90   8. 1200.
 1.00 1.00   8. 1000.
 1.00 0.90  14. 600.
 1.00 0.80   5. 600.
 1.00 1.20  11. 1200.
 1.00 0.90   8. 600.
    0  109  116   95  101    0  113  105    0  104   84    0    0   80  122
    0  113    0    0   76   79   85  100    0    0   97  101    0  107   85
    0   82    0    0  114    0    0    0    0    0   96   88    0  111    0
    0    0   76   90    0    0   95    0   75    0  105   79    0   90    0
  110  101  100  119   77   81   90  104  102  103  100   78   80  123   94
  124   88   86  124   93  105   78   94   97  100  100   98  112  105   87
   87  118   95  113  108  122   85   82  124   80   83  124  124   76  109
   81  104   76  112  121   98  107   76   90  103   91  111   78   77  104
  103  113  124  107   82  100   93   89   95  106   75  111  123   92  111
   93   89  102   92   95  102   99   99   78  111   96  120   86   81  107
  103   92  104  105   99   83  115  118  113   81   75  120  120  105  101
   84  111   88  107   84  113   96  107   92  103  123   80  115  100  111
  107   84   86  108  108   79  103   90   78  107  124   99  116   89  106
   93   91   85   93   80   94   82   96  124  114   93   83  109   94  121
   77   94  112   80  107   98   87  101  105  116   79  110   82   80   92
  118   75  102  123  111  110   96   97   89  117   78   97  119  124   89
  105   84   80   75  124   95   93   98  115  120   99  118  102   97  119
   75  106   93   89   95  110   86   79   99  119  109  108   75  103   81
   98   82   96   75   89  105  116   97   89   93   92  111   91   93   76
   89   99   82   85  124  100  119  100  107   85  120   85   92   80  121
   90  108    0    0   76
   96    0   78    0  112
  104    0    0    0   86
    0   92    0  121  117
  117   84  117  121   86
  123   80  117  111  109
  100   86  101  117  106
  114   97   80   90  114
   92   99  100  106   84
  101   96   95   79  123
   91  103   84   90   82
   83   79   78  101   88
  111  118   88  102  106
   81  115   93  122   94
  117  103  112  119  116
  115  118  107  102   81
   78  111   93   82   77
   96   82  114  122   88
   96   76   96   77  109
   87   97   85   98  107

  Bi   hi   su   su
           time cost
 PSIZE,CV,TBO,TSCAP,AVGCAP =      2    1    4    1    9
