   20   20
    1
 2098
 1.00 1.20  21. 1000.
 1.00 1.10  43. 800.
 1.00 0.90  32. 1200.
 1.00 1.00  32. 1000.
 1.00 1.20  54. 800.
 1.00 1.00  32. 600.
 1.00 0.90  54. 600.
 1.00 1.10  32. 600.
 1.00 1.10  54. 600.
 1.00 1.20  43. 400.
 1.00 1.20  54. 800.
 1.00 1.00  21. 400.
 1.00 1.00  21. 600.
 1.00 1.00  21. 800.
 1.00 0.80  65. 1000.
 1.00 1.20  32. 1000.
 1.00 1.00  43. 600.
 1.00 1.20  21. 400.
 1.00 1.10  65. 800.
 1.00 1.00  43. 800.
    0    0    0   82    0  110   97    0    0    0    0    0    0   97   96
  119    0   89    0    0    0   92    0  116    0    0    0    0  104    0
   77    0  105    0  120    0    0   91  108    0   87   95   78   89   78
    0  117    0  109   96   84    0   93  116  115   81   88    0   75    0
   99   80   76   83  114  114  121  111  101   94  112  109  107  121  107
  103  116   89   79  116  113  102   88   95  118  108  110  118   99  110
   89  116  122  104  100   95  124   91   77   93  107  112  111   96   96
  104  122   84   80  119  120  112   90   85  101   78  117   81  116   99
   77  116   76  124   82   75  108  101  120   79  111   84   84  100   77
  103  112   89  105  115  115   98   96  115  114  116   76  100  101  104
   81   93  117   93  105  105   92   89   83   93   99   96  107   93   85
   75   91  109   89   77  106   81  100  103   95   96  116  111  119   92
   98  112  105   88   75  107  101   99   87   89   96  113  124  109   96
   92   90   90   77   93  109   99   99   75  120  123   99  117   75  110
  109  105   81  111  118  117   83  108   82  124   75   81  112  120  120
  110  105  100   83   88  124   76   88   90  100  121  114  119  122  106
  117  101  122   88   77  117   81  100  102   86  116   95  100  112   92
   95  108  100   92  102  121  102  124  117  109   98   91   99  113   76
   93  105  101  116   82   82  101  100  119  104   76   88   88   87   76
   86  122   82   88   88   83  101   90  123  100   75   82  116   87   91
   99   99    0    0   89
  105  100    0    0    0
  117    0    0    0    0
    0    0   89   89    0
  108   89   86  114   93
  109  121  122  112  100
  108  118  114  115  104
   97   89   90   91   83
  124  122   94  121   88
   87  103  123  123   82
   98  104   88   83  106
   85   87  100  106  103
   79   92   83   93   98
  111   84  108   75   99
  108  117  108  118  113
   87   88  100   87  112
   87  120  108   94  105
  119  109   77   83  101
  121  115  123   88   88
  109  118   81   89  103

  Bi   hi   su   su
           time cost
 PSIZE,CV,TBO,TSCAP,AVGCAP =      2    1    4    2    9
