   20   20
    1
 2345
 1.00 1.10  21. 1000.
 1.00 1.10  65. 600.
 1.00 1.10  21. 1000.
 1.00 1.20  65. 400.
 1.00 0.80  54. 800.
 1.00 1.10  32. 1000.
 1.00 1.10  43. 400.
 1.00 0.90  43. 1200.
 1.00 0.90  32. 600.
 1.00 1.00  65. 400.
 1.00 0.90  54. 400.
 1.00 0.80  65. 1000.
 1.00 0.90  32. 800.
 1.00 1.20  21. 1200.
 1.00 0.90  21. 1200.
 1.00 0.90  65. 1000.
 1.00 1.00  43. 1200.
 1.00 1.20  65. 1000.
 1.00 0.80  21. 400.
 1.00 1.20  32. 600.
    0  103    0    0    0   82  113  120   87    0  120    0    0    0    0
    0  122  120    0    0    0    0    0   83    0    0    0  102    0   82
    0    0    0    0   90   94    0    0  113   91   81  117   96   76    0
   78  106  115    0  114   88  110   97  112    0  121    0  101    0    0
  121  103  110   84  112   96   86  109  109  102  119   88   98   81  112
  112  104  105   94  101   77  116   79  117  121  110  120  111   82  122
   81  114   80   84   86  106   99  119   89  124  122   86  112   79   94
   99  102  123   82  104  123   91  104  114   90  123  102  116   94   97
  107   76  110  109  124  114   96  101   82  121  112   86  110  118   98
  117   99   93   93  110  107  110   97  111  105   95  104  110  124  105
  100  119  101   87   77   80   88  101  102   79  115  111  121  104  119
  118   85   91  120   98  114   91   77   91   98  107   77   97  124   78
   84  108   77  113  115   84   78  106  116  119   81   82  108   92  120
  101  111  100   91  105   94   83  103  100   80  117  104   95   90   91
   84   79  112   95   78   92   91  121   79  106  105  105  114  110  121
  114  116   83   90   94   91  119  118   80  105   95   85   82  121  114
  121   97  104   90  122   93  123  101  111  124   96   76   96   77  105
  103   96   80  100  114  101  124  121   84   78  114  111   78  122  105
  116   76  102  107  122  119  116  119  104   81  115   90   89   75   97
  123  114  101   77   87   82  101  108   85  106  107  114  100  116   88
    0    0    0  108  118
    0    0    0    0   93
  111    0   83   81    0
  123   84   94    0   88
  123  105   79   98  118
  118   80   79  104   98
   92   98   99  107  118
  102  110   83  114  112
  107  124   83  124  122
   93  123   76   92  107
   93   96  101   86   91
   75   99  100  110  124
  117   97   78   99   76
   81  114   85   87  105
  118   89   82   94  108
  121  106   76  121  119
  118  108  108   78  122
   86   85   88  109   98
   93  110   79   86  102
  119  100  103   94   88

  Bi   hi   su   su
           time cost
 PSIZE,CV,TBO,TSCAP,AVGCAP =      2    1    4    2    8
