   20   20
    1
 2658
 1.00 0.80  65. 1000.
 1.00 0.90  65. 800.
 1.00 0.90  54. 400.
 1.00 1.20  54. 600.
 1.00 0.80  65. 400.
 1.00 0.90  65. 800.
 1.00 1.20  32. 800.
 1.00 0.90  43. 1200.
 1.00 1.00  21. 1000.
 1.00 1.20  65. 1000.
 1.00 0.90  65. 400.
 1.00 1.00  32. 800.
 1.00 0.90  21. 600.
 1.00 1.10  54. 1000.
 1.00 0.90  54. 600.
 1.00 0.80  32. 1000.
 1.00 1.00  54. 600.
 1.00 0.90  43. 600.
 1.00 1.00  32. 1200.
 1.00 1.00  32. 600.
    0   78   96  115    0    0    0    0    0    0    0  117   84   87    0
    0  117   80   88  103    0   77    0    0    0   84    0  103   93    0
  110    0    0  108    0   86  119    0  109  104    0    0  115   78    0
    0  106    0    0    0    0    0    0  114    0  114   92  123  112  112
   90   81   76   78   75  103  121   96  114  108  113  110  108   96  115
   80  102   80   75   76   79   84   92   87   92  113   75  119  113   75
   79  100  122   97   91  101   93  103   93   90   77  104  112   87  116
  102  113   78  104  111  103   81   97   92  105   84  124  113  119  106
   98   89  108   77  115   78   91   91   79  102   86  111   76  111  105
  108   96   89  124  116   79  118  123   92  107  101   97   76   94  117
  114   98  107  104   91   80  112   79  116  115   85   85   94   83   80
   93   89   96  115  109  106   95   96  117  121   86   95   83  124  123
  118  121   76   89   95  110   92  106   87   91  102  124   91  101  122
  103   91   81  118  104  111  106  124  111  105   97   90  101   83  121
   98   75   98   98  104  113  113  100   97   85   92  122   82   87   89
  110   99  116   91   89  112  106   88  117   93  103   95   75  122   82
  100  123   97  114   95   92  118   83   75  105   88   77  116   76  101
  123   97  111   81   90  109   75   90  116  109  105   79   98  116  101
  102   82   84  119   79   93   88  118   92  121  119   96   87   89   97
  106  104   99   90  109  121   96   92   87   96   78  108  124   96  122
  116   99    0   99   95
  112    0    0    0   82
   94    0    0    0    0
   80    0   95    0    0
  108   80   85   84   92
  117  103   85  124  101
   90  105  104   83  103
   86  107   99   94   97
   95  113   78  110   87
   86  121   79  103   94
   85   84   88  117   84
   92  108  105   87  120
   89  100   87  109  100
  109  115   85  108  115
   93  100  124   86  118
  111  108   83  100   90
  105   93   92  109  107
   84   86  107  100  124
  117  115   76   81  100
   76  105   78   90   88

  Bi   hi   su   su
           time cost
 PSIZE,CV,TBO,TSCAP,AVGCAP =      2    1    4    2    7
