   20   20
    1
 2175
 1.00 1.10   8. 1200.
 1.00 1.10   5. 600.
 1.00 1.00  17. 400.
 1.00 1.20   5. 1200.
 1.00 1.10   8. 400.
 1.00 1.20  11. 1200.
 1.00 0.90  11. 400.
 1.00 1.20   8. 400.
 1.00 1.00  14. 400.
 1.00 1.20  11. 800.
 1.00 1.10   8. 1200.
 1.00 1.00  11. 800.
 1.00 1.20  11. 1200.
 1.00 0.80   5. 1000.
 1.00 0.80  14. 1000.
 1.00 0.90  11. 400.
 1.00 1.20  11. 1200.
 1.00 0.80   5. 600.
 1.00 1.10   8. 400.
 1.00 1.20   5. 600.
    0    0  106   76   97    0  113   93    0   91  122    0   89    0    0
   81  114    0    0  108   80    0  110   89  119   85    0  112    0   96
   94    0   97   89  118    0    0    0  121    0    0   86   99  107    0
  100    0   95   95    0  120    0   86    0    0  120    0  117    0   76
  115  123  110   81  122  122  109  108  123  113  123  106  106   86  108
   84   97  109  100  106   77   78   79  115  109  110  114   99   87  114
  119  104   79  104   96   98   91   98  105  114   90  122   98   77   82
  102  118   81  110  111  110   75   80  107  105  120   98   85   87  108
  119   81   83  115  119  120  113  121  120   75   86   90  110   80   94
  118  116   98  117   83  106  121   95   85  108  118  110   94  116  106
  107   99   93  119   80   75   75  124   91  101  123  118  122  108  103
   88   80   86   97   94   88  111  103  105  105  113   77  106   75  112
  123   89  100   82   77   75  106   92   79  121   95  110  118   98  102
   84   99  120   90  102   92  109   87  113   76   93  111  108  114  113
   80   94   79  106  104   75  104   85  114   94   86   77   85  113   89
  107   82  123   78  104  106  123  105   79  120   88   87   81   99   98
   91   95   96   83  119   91   88  108   85   88  112  111   93   82   76
  107  119   98   99  106  111   91   95   84  103   97   85   97  101   75
  119  109  102  120   95  121  124  123   94  118   96  116  115  111   95
   77  122  112  123   85  122   95   78  121   97  101  124  124   98   84
  103    0    0    0    0
  101   86   95    0    0
    0   97    0    0   92
   95   78   94   96   98
  106  124  108  115  123
   81   88  102  103   76
  102  107  121   86  116
   93  103   93   87  113
   83   77  112  112   75
  108   76  106   83   95
   81   99  103  119   83
   76   81   96   86  101
  123   83   89   86  112
  116  112  123   82  107
   99   84   93   91   88
  118   91  123   89  101
  122  118   85  113   93
  106   95  122   85   81
   92  118  103   81   77
   81   82  108   94   76

  Bi   hi   su   su
           time cost
 PSIZE,CV,TBO,TSCAP,AVGCAP =      2    1    4    1    8
