   20   20
    1
 2658
 1.00 1.20  54. 600.
 1.00 0.80  54. 800.
 1.00 0.90  54. 800.
 1.00 1.20  65. 1200.
 1.00 0.80  32. 400.
 1.00 1.00  54. 800.
 1.00 1.00  32. 800.
 1.00 0.90  21. 600.
 1.00 1.00  21. 600.
 1.00 1.10  65. 1000.
 1.00 1.10  65. 800.
 1.00 0.80  54. 1000.
 1.00 0.90  43. 400.
 1.00 0.90  43. 800.
 1.00 1.00  54. 400.
 1.00 1.10  65. 400.
 1.00 0.90  65. 1000.
 1.00 1.00  32. 1200.
 1.00 0.90  32. 400.
 1.00 1.00  21. 1200.
  116   82   82  106    0    0  120   86    0    0    0  108    0    0   85
   89   91    0    0  109    0    0    0   95    0    0    0   99   82  111
  117  118    0    0    0   77   96    0    0    0    0    0  112    0   76
    0    0   76   82  104    0    0    0   89  108    0  122  100   86   75
   93   87  111  116  102   92   91   90  118   81  108  102  123  114   98
  110  107  115   99   83   92   93  120   83   88  124   80  107  107  108
  115   84  104  100   93  110  101  106  100   78   77  109   87  118  102
  115  119  117   75  110  110   82  105  123  109   77  106  124  113  114
   92  123  107   88  112  112  123   82  107   85   88  114  121  109  112
  120  101   79   99  123  107  113  121  114  117  116   83  116  124   86
   83   85  116  105  108   83  123  112  121   97   98   87   98   88   80
  121  102   76   81   98   98  124  124  123   96  106   86  105   95   82
  102   78   90   86  106   88   98   81   88   97  123   97  114   95   95
  113  108  122   85   81  114   86  100  106   84  119   82   83  108   87
   86  116  106   81  106   90   79  111   86   98  101  117   86   78   90
  113   75   93  121  118  110   98   87  121  119   95   99   84   95  102
  106   96  102  120  116  110  110  105   77  111  104   87   76  118  103
   79   88  115  123   88   96  119   81   79   93   84  120   90   77   97
  122   88   77  113  118   98   78  123  108  119   92  111  122  109  106
   87  117   95  123  109   76   79   88  113  113   99   95  101   92  103
    0    0    0   98    0
    0    0    0   80    0
   82    0    0    0   99
    0    0    0    0  103
  111   95  116   76  119
  112   81   81  107  100
   96  116   89   98   78
   99  114  110  120  108
  124   89   92   83  124
   94   80   90  114  103
   90  115  108   78   98
   87   82  112  111  121
  108   76  112  113   83
  121  121  107  102  104
   85  100  121   90  116
  123  114   78   98  122
   81   97   92   98   76
   80   84   86  105   91
   95  123   88   88   89
   96   80   95   90   90

  Bi   hi   su   su
           time cost
 PSIZE,CV,TBO,TSCAP,AVGCAP =      2    1    4    2    7
