   20   20
    1
 2098
 1.00 0.90  54. 600.
 1.00 0.90  65. 400.
 1.00 0.80  21. 600.
 1.00 0.80  32. 800.
 1.00 0.90  21. 600.
 1.00 0.80  21. 400.
 1.00 1.10  21. 1000.
 1.00 1.10  21. 400.
 1.00 1.10  65. 800.
 1.00 1.20  32. 1200.
 1.00 1.20  65. 1200.
 1.00 1.10  43. 400.
 1.00 1.10  21. 400.
 1.00 1.20  21. 400.
 1.00 1.20  54. 400.
 1.00 1.00  54. 800.
 1.00 1.20  43. 1200.
 1.00 0.80  54. 400.
 1.00 0.90  32. 800.
 1.00 1.10  54. 400.
    0    0   91  110  121    0  118   77    0    0   95    0   94    0    0
    0   95   78    0   99    0  113    0    0  123    0    0    0    0    0
    0    0    0    0  124  102    0    0   92  123    0    0  102   91    0
    0  121    0    0  119  102    0  119    0  122  113   85  121   86    0
  111  116  103   99  118   85  105  102   97  118  119  117  123  124  104
   83  120  101   76   87   86   85   84   90   78  108  121   84  106  113
   97  112   84  104   99   85  105   94   83  101   95  113  109   99   76
   93  101  109   87  116   95   95   87  118  107   98  112  106  113  124
  118  118  111  121  108  110   97   82  121  118   87   99   99  101   91
  112   86  113   81   78   81   84   76   97   84  113  101   80   84   80
  120  108  119   94  101   98   78  119   87  112  118   83  102   96   84
   90  112   92   91  113   91   82  122  122   78   90   84   92   83  121
   94   95   88   80   84   84   97  113  122   93  120   86  103   79  117
  113   78  104  107   82  104  114   97   78   79  121   91  118  113   83
   87  116   92  114   83  104  114   96   98   89   86  118  110  115  111
  108  122  105  116  120   92   80   99  109  104  104  115  102   98   96
  111  123   94  120   78   82   85  121   90   88  121  108   82   95  117
   97   86  121   80  108  105   93   98   87  101  111  122  114  108   91
   86  102  123  106   84   96  108   99  108   75  122   82   90  102   84
   82   82   98   89  108   77   89   89   77  108   88   78   78  109   85
  116    0  118    0    0
    0    0   81  102    0
    0    0    0   84    0
   80  104    0    0    0
   93   81   98   95  108
   97  111   79  106  103
  123   78  108   80  104
   88  104  119  124  114
  116   75  122   75  100
  124   97  104   92  120
  123  109   94   79   75
  103   83   88   78  120
  114  122   91   83  122
  113  110  103  119   78
   93  104   98  109   90
  118   79   75   82  121
  108   87  124   88  110
   95   90   89  119   90
  121   97  102  105  113
  102   80   76   82  111

  Bi   hi   su   su
           time cost
 PSIZE,CV,TBO,TSCAP,AVGCAP =      2    1    4    2    9
