   20   20
    1
 1946
 1.00 1.10   8. 1200.
 1.00 1.20   5. 1000.
 1.00 1.20  17. 1200.
 1.00 0.90  17. 400.
 1.00 0.80  14. 1000.
 1.00 0.90  14. 1200.
 1.00 0.80  14. 1000.
 1.00 1.10  17. 1000.
 1.00 1.10   5. 400.
 1.00 1.20   8. 600.
 1.00 1.00  14. 400.
 1.00 1.00  14. 1000.
 1.00 1.10  14. 600.
 1.00 1.00  17. 1000.
 1.00 1.00  17. 600.
 1.00 1.10  17. 1200.
 1.00 1.00   5. 400.
 1.00 0.90  14. 1200.
 1.00 1.00   5. 800.
 1.00 1.10   8. 800.
    0  113   94   96    0    0    0  111  104    0  106    0  119    0   85
   88    0   92    0    0    0  124   81    0    0   84    0    0   93   88
  107   94   87    0   96   86    0   80  118  108  110    0   89    0  100
   77    0   76    0  109    0   92    0  124    0    0   88   75    0  122
   77  100   94   88  108   90   91   85   87  105   81   84   76   99   96
  109   85  103   84   92   86  118  108  105   92   93  116   91  110  122
   92   78   87  119  102  123   80  123   88  118   94  106  105   76   81
   98   81   91  112   81  112  117  105   97  124  124  103   84   97  108
  124   77  114  122   89   79  121   92   96   90  102   92   84   76  104
  122  122   80   75   75   76   78   84  100   79   84   94   99  109   85
  122  108   77   90   97  109  115  117   78   77  110   91  105  115   95
  106   77   76  112  117   79  106  109  106   87   86   85   80  110   77
  117  119   77   82  100   97   85   93   84   96  104   78   99  121  101
   79  104   97   79   85   94   88  110  102  109  105  114   86   97   92
  104   82  100   97  109  120  116   85  101   79  124  108   88  102  105
   88   95  120   92  108   78  117   78   99   79  119   80   99  113  102
  109  114  106   76  122  124  118  118  115   94   79   76   92  114  107
   82   87   83  118   85  113   91  105   96   90  109  122   81  105   82
  123   87   84  116  117   98  111  122  117   75   84  124  113  114  104
  122  114  111   79  101   83  103  103  117   95  117  109  118   80  108
    0    0    0  120    0
    0  103   76   94    0
   96  124    0  106  100
    0   79    0  103  123
   79   96   96  110   83
  120  121   85  116  107
  101  114  120  103  117
  114   95  114   90  117
  121  107   78  103  100
  123  101   79   79  108
   82  112  117  100  124
  122  109  108  103  103
   96  114   83  104  111
   79   96  103  118   75
   82   93  109   75   96
   90  106  110  111  108
   81  123   83   85  112
  118   91   98  110  119
   89   92   91  112   88
  106  124  106  103   99

  Bi   hi   su   su
           time cost
 PSIZE,CV,TBO,TSCAP,AVGCAP =      2    1    4    1    9
