   20   20
    1
 2175
 1.00 0.90  14. 1000.
 1.00 1.10   8. 1200.
 1.00 0.80   5. 1200.
 1.00 0.80  11. 600.
 1.00 1.00   8. 1200.
 1.00 1.00   5. 600.
 1.00 1.10  17. 600.
 1.00 0.90  17. 1200.
 1.00 0.90  14. 400.
 1.00 1.10   5. 1200.
 1.00 1.20   8. 1000.
 1.00 0.80  11. 600.
 1.00 1.10  14. 600.
 1.00 1.10   8. 1200.
 1.00 0.80  11. 800.
 1.00 1.10   5. 1200.
 1.00 1.20  17. 600.
 1.00 1.20  11. 800.
 1.00 0.80   8. 1200.
 1.00 1.20  14. 800.
   84   76    0  116    0    0    0    0   75  114   84    0    0   89   83
  114    0    0    0   94  112    0  107    0  107  108    0    0    0    0
    0  102    0   95  118  108  110    0   99  110  109    0    0  112  100
    0    0    0   77    0    0  112  111   96   96    0  118  114  115    0
  120  112   90   85  101   78  117   81  116   99   97   89   90   91   83
   75  108  101  120   79  111   84   84  100   77  124  122   94  121   88
  115   98   96  115  114  116   76  100  101  104   87  103  123  123   82
  105   92   89   83   93   99   96  107   93   85   98  104   88   83  106
  106   81  100  103   95   96  116  111  119   92   85   87  100  106  103
  107  101   99   87   89   96  113  124  109   96   79   92   83   93   98
  109   99   99   75  120  123   99  117   75  110  111   84  108   75   99
  117   83  108   82  124   75   81  112  120  120  108  117  108  118  113
  124   76   88   90  100  121  114  119  122  106   87   88  100   87  112
  117   81  100  102   86  116   95  100  112   92   87  120  108   94  105
  121  102  124  117  109   98   91   99  113   76  119  109   77   83  101
   82  101  100  119  104   76   88   88   87   76  121  115  123   88   88
   83  101   90  123  100   75   82  116   87   91  109  118   81   89  103
   99  109  109   81   79   92   82  115   81  105   87  119  109  110  106
  112  114  107   82  124   83   82   87   88   88   88   82   96  124   85
  115  122   79   99  116  121   96   94  119   97   89  118   84   83   89
    0   80    0    0    0
  103  116   89   79    0
   89  116    0  104  100
  104  122   84    0    0
   77  116   76  124   82
  103  112   89  105  115
   81   93  117   93  105
   75   91  109   89   77
   98  112  105   88   75
   92   90   90   77   93
  109  105   81  111  118
  110  105  100   83   88
  117  101  122   88   77
   95  108  100   92  102
   93  105  101  116   82
   86  122   82   88   88
  102  109   84   99  121
  111   86  122   78  114
  114   96  122  121   77
   91   91  124  100   91

  Bi   hi   su   su
           time cost
 PSIZE,CV,TBO,TSCAP,AVGCAP =      2    1    4    1    8
