   20   20
    1
 2098
 1.00 1.10  32. 800.
 1.00 0.80  32. 600.
 1.00 1.10  54. 1200.
 1.00 1.10  65. 400.
 1.00 1.00  43. 1000.
 1.00 0.80  54. 400.
 1.00 1.00  43. 600.
 1.00 1.00  32. 600.
 1.00 1.00  43. 800.
 1.00 0.80  21. 800.
 1.00 0.90  21. 400.
 1.00 1.10  21. 400.
 1.00 1.20  32. 400.
 1.00 0.90  21. 1200.
 1.00 1.10  54. 400.
 1.00 1.20  43. 800.
 1.00 0.90  54. 600.
 1.00 0.80  65. 1000.
 1.00 1.00  21. 1200.
 1.00 1.10  21. 400.
    0  105    0    0    0   77    0    0  104  106    0    0    0  101    0
  109   92   90  108    0  121    0    0  103   94    0    0   87    0    0
   90    0    0    0  116    0  118  111    0    0  123    0  118    0  107
    0    0    0    0  121   94   80   89    0    0  118    0    0  109   89
  113  102   86  114   88   88   83  106  121  120  121   94  107  105  100
   94   87  124   87   80   96   93  114   80  112   84   76   97   80   90
   90   85  100  120  106  104   78  124  114   96  124   87   78   80   78
  100   97  106  107   91  101   96  115   88   75  105   90  113   91  107
  112   96   90  108  115   97   95  115  122   80   76   88   91   96  118
  106   93  120   83  111   99  109   82   86  123   91  105   96   91  108
   94  124   99   92  112   98  122   86  109  112   96   87  119  104   77
  119  100  107  116  108   96   92   87   93  109  104  101  101  123   92
   75  115   89   84   97  117   88   89   91   92  124  110  102   85  107
   84  124  111  103   83   83  105  115   90   91   79  105  104  107  106
  118  112   79   95   96   89  104  103  111   87   95   81  104   83   78
  116   93   90  101   82   96   75   90  113  100   78   78  112  103  121
  108  106   98   90   93   85   97  103   86  102  122   83  120   96   76
  108  112   78  116   75  116   94  119   75  123   80   97  100  118  121
   98  107  105   75  123   84  118  123  119  105   82  114   77  118   93
  122  101   89  114  112  108   78  120   94   89   93   91   80  105   96
    0   79    0  104  121
    0   77  117   88    0
  116   80   76    0   98
    0   98    0  117  112
   86  103  123   80  114
  117  120  109  122   78
   97  116   82  108   93
  101  101   75   76   84
   78   91   86   94   75
  115   94   79   85   95
  119   93   94   92   97
  105   90   87  113  123
  106   79   84   98  112
   80   98  106   98   91
  117   77   95  114  113
  118  117   83   81   92
   96   83   89   85  107
   81  117   98   85  114
   79  112   90  108  119
  112   96   86  109  106

  Bi   hi   su   su
           time cost
 PSIZE,CV,TBO,TSCAP,AVGCAP =      2    1    4    2    9
