   20   20
    1
 2098
 1.00 1.10  54. 800.
 1.00 1.10  65. 800.
 1.00 0.80  65. 1000.
 1.00 0.80  43. 600.
 1.00 1.20  54. 1000.
 1.00 0.80  54. 400.
 1.00 1.10  21. 800.
 1.00 1.20  32. 1200.
 1.00 0.80  32. 1200.
 1.00 0.80  43. 400.
 1.00 1.20  65. 800.
 1.00 0.90  54. 1200.
 1.00 1.20  65. 600.
 1.00 0.90  43. 600.
 1.00 1.00  54. 600.
 1.00 1.00  54. 600.
 1.00 1.10  43. 1200.
 1.00 1.00  32. 1000.
 1.00 1.10  21. 800.
 1.00 0.90  32. 600.
  116    0    0    0  115    0    0    0    0    0   88    0    0   77    0
    0    0    0   76    0   84    0    0    0  114   88   82   98    0   85
    0    0    0   80    0  110   89   94    0    0    0  121   81    0   81
    0   97   77    0  102  124    0    0   91    0  104    0    0    0    0
   92  115  119  115   87  120  107   88   90   95   98  124   92   76  124
  116   88  118   94   81  114   87  102  111   91  122   86   83  124  121
   76   76   76  118   98  104  109  118  108   79   75   91  114   93  109
   86  108  103  105   75  123   91  100   89   94   99   90  109   77  104
  105   93   98  115   95  113   83   82   95  120  120   86   76   77   77
   92   95  103   78  103  102  113   80  115  102   93   94  121   83   78
  108   92   97   94   82  103  109  104   76  114   83  100   90  124  110
  115  114   89   94   96  124  112  110   85   99  108   79   75   83   75
   79  113  103   87  112  121  100  113   98   85   92  122   80  100  120
  102   89   78  120   92   80  102  122  106   92  110   88  116   82  108
   96   87  114   77   93  104   97   81   93  119   78   88   75  106   97
   97   95   93  122  120   96  105  102  122   81  110  113  115   87  121
   96   93  116  112  121   75   81  108  104   84  113   94  122   87   96
   93  121   92   75   93  123  100  102  106   95   97  122  113  108  118
   75  107   96   99  124  113  113   94   98   79  103   86  106   97  106
  111  114  114   98  105   95  108  103  103  119   81  107   96  123  105
    0    0  114  115    0
   91    0  113    0    0
   75    0  117    0    0
    0   95   81    0    0
   87  124   89   86  120
   84   82   84  113  105
   98  122   84  123  106
  115  101  112   83  121
  120  103  114  100  122
  124  114  115   79   97
  124  104  115   98  105
  100  112   92  112   99
  107   86  100  113   96
   93   94  122  113   81
   86  102  122  100  108
  117   85   94   89  111
   79   92   78  115  115
  113   85  101   76  114
   84   94   92  103  120
   78   89   79  119   83

  Bi   hi   su   su
           time cost
 PSIZE,CV,TBO,TSCAP,AVGCAP =      2    1    4    2    9
