   20   20
    1
 2466
 1.00 1.10  17. 1200.
 1.00 1.10  17. 400.
 1.00 1.20  14. 1200.
 1.00 0.80  11. 800.
 1.00 1.20   5. 1000.
 1.00 1.00  14. 400.
 1.00 1.00   5. 800.
 1.00 1.20  11. 1200.
 1.00 0.90  17. 800.
 1.00 1.00  17. 800.
 1.00 1.10  17. 1200.
 1.00 0.80  17. 1000.
 1.00 1.10   8. 400.
 1.00 0.80   8. 600.
 1.00 1.10  11. 1200.
 1.00 0.80  11. 600.
 1.00 1.00   5. 1200.
 1.00 0.90  17. 1200.
 1.00 1.00  14. 1000.
 1.00 0.90   8. 1000.
   99   87    0    0    0    0  116  119    0   84   75    0    0    0    0
   77   92    0    0    0   93   88  113  117    0    0  117    0   98    0
  110   89   92    0   99    0   80  112   76   81   97   91  101    0    0
  105  113   82   84    0    0    0   90    0   86   96   88    0  109   94
  105   91   90  121   92  122  101   91   98  108   84   81   75  116  103
   79  118   78  114  114  118  116   81   76  123   77   80   80  111   77
  111   84   82   80   96   89   75  100  108   95  109  113  101  103  109
  106  114  110   95  122   87   89  101   93  100   77   75  109  107   94
  108   77   86   75  121   75  103   79  113   97  108   89   88   75  103
  112   84  102   87  116   95   77  106   80   96   89  102   99   78  109
   86  111   75   98  106   92  111  118   92   97  116   83   88   82   96
  122  123   80  122   87   91  111   80  110  118   97  119  100   82   79
  112  103  101  104   91   99  113  101   77  118   92   95  109  108   75
   76  105   79   98  117   79  108  119  123  101   86  119  113  107   86
   80  120   78   79  117  122   92   92   84   76  102  111   97  121   86
  119   89  105  110   90  123  102  113  106   81   81  102  121   96   95
   97   82   75  117  100   95  124  116  104  103  109   99   75  122   81
  121   94   77  123  115   86  115   95  105   90   91   77   91   96   99
   86   75  122   79   95   96  114  101   99   90   78  108   81   86   85
  109   90   83   87  120  114   75   79   99  120   93  110   82   98   88
  117    0  108   83   80
  117  107  111   78    0
   99    0  112   83  122
   92    0    0  102  108
   93  115   81  115   84
  113  113  101   79   79
  104  101   98   79   78
   88   82   98   84  105
   82   79   82   76  121
   82   83  111  100  115
  120   91   82   76  113
   80  118  120  121   89
   98  100  118   93  105
  104   79   86   98  103
   98   96  120   86  102
  104   81   95   77   82
   79   98  110  119  103
   94  124  103  109  124
   83   76  111  112  104
  103  117   89  122  103

  Bi   hi   su   su
           time cost
 PSIZE,CV,TBO,TSCAP,AVGCAP =      2    1    4    1    7
