   20   20
    1
 2709
 1.00 0.90  43.  50.
 1.00 1.00  43.  25.
 1.00 1.20  43.  50.
 1.00 0.80  65.  62.
 1.00 1.00  32.  62.
 1.00 0.90  43.  25.
 1.00 1.00  21.  25.
 1.00 1.10  54.  50.
 1.00 0.90  43.  75.
 1.00 0.80  21.  50.
 1.00 0.90  21.  25.
 1.00 1.10  65.  37.
 1.00 1.00  43.  25.
 1.00 0.90  54.  50.
 1.00 1.00  21.  37.
 1.00 1.10  65.  25.
 1.00 1.20  32.  25.
 1.00 0.90  65.  50.
 1.00 1.00  65.  50.
 1.00 0.80  21.  25.
  148    0    0    0   40   20  160    0  127    0    0  176    0    0    0
    0  107    0  186    0  185    0    0   92    0   96  151    0    2    0
    2  120    0    0   82   75    0    0   20  189   54    0    0    0    0
   10  189    0  122    0   89  132    0    0    0   39    0  192    0  197
  196   89  117   74  130  156  184  140  189  192  134   97   29   46    9
  130   66   18  117   79   52  120  189  142   61   99  197  138   80    4
   55    9  155  170   72  122  125   72  162   46   61  149   72   77   81
  159   29  184  144  115   48  124   46   46   59  138   27   25  105  153
   66   16  102   14   18  181   34  145   88  194  106  128    5   70  136
   37  126  156  107   21  119   65  197   96  151   12   35   99   32   45
   31   97   50  172   92   12  182   90   28  191    1  170  124    6  106
   34   43  153   53   66  118   56  147  103   66   90  197    5  153  198
   22  103  171  163  113    2   58  131    0  111   10   29   79  176   71
   41  196  105   10  168   34   43  154   56   76  115   61   98  188   99
   82   68   59   37   93  176   66   73   10  106   96   32  166   24    3
    2  159   58  151  109  160  162   94   98   34   64   76   43  183   18
   17  140   12  125  176   29   51   48   26  122   33  183  102   88   19
   96  137   38  194  127  140  119  102   64  118   73  116  188   62   60
  131   41  164  127   69   26  133   96   31  163   14  161  154  139  109
  132   62   81   84  149   91  177  189  114  107   31   84  183   74  133
    0  107    0    0    0
    0  158   61    0   92
    0    0    0  194  102
    0  169  150    0  118
   40  151   69  149  100
  120   23   35    0   83
  169  118  178   95   86
  154   96   74   87   20
   27  138  113   88   33
  184    1   26  142  145
  130  115  157  101  181
   34   24   31  168   47
   67  138   56   96   28
  135  195  160   14  184
  197   53  140   89  140
   34   41  137  181   62
   53  142  101  186   65
    1   58  138   39  197
  150   11  137   52  182
  176  172   25   58  122

  Bi   hi   su   su
           time cost
 PSIZE,CV,TBO,TSCAP,AVGCAP =      2    2    1    2    9
