   20   20
    1
 2350
 1.00 0.80  11.  37.
 1.00 1.00  17.  75.
 1.00 0.80  11.  25.
 1.00 0.80  17.  62.
 1.00 0.80  17.  25.
 1.00 0.90  17.  25.
 1.00 1.00   8.  75.
 1.00 1.20  11.  62.
 1.00 1.00  14.  50.
 1.00 0.90   5.  25.
 1.00 1.10  17.  75.
 1.00 0.90   5.  75.
 1.00 0.80   8.  62.
 1.00 1.10  11.  62.
 1.00 1.20  14.  62.
 1.00 1.10  14.  75.
 1.00 1.00  11.  25.
 1.00 1.10   5.  50.
 1.00 0.90   5.  37.
 1.00 0.90   8.  62.
   18   64    0    0    3  134    0  164    0   25    0    0   83  175    0
  154   25   93   86    0  104  170    0  164  186  189  140   55    0  135
  176    0   88    0  111    0    2  121    0   59    0    0    0   37    0
    0  176    0    0  125    0   59    0    0   48   41    0   69  123  156
   89  129   40  172  181    5  175  113  110   54  100   62  120   97   34
    6   12   17  189   83   37    1   69  170   15   16  158  117   60  181
   48  187  198  184  127  120  101  158    9   67   88  177  111   83   19
  193  108  145  188   42   41   70   15   58   13  158  147  120  158  164
   83  151    4   90   63  197  116  161   14   74   84  103  137  178  154
   83  151  109   65   69  192  134  199   88   85    9   11  188  131    9
   73  199   45   81   36    8  116  165  140  131  168   36   57   18  189
  138  163   63  153   75  165   45   27  160   31  183  131   46   88   71
  176  121   46  170  112  144  148  133  124   82   16   84  113   93  161
  181   27    3  169  103   92   34  114  121  107  181   89   35  139   48
   11   53   18   30   17   27   10   11  176   64   65   11   80  140  170
  104   22   54  126  199   51   12   15  175   27  152  190    0  172  148
   73   97  185  191  164  167  186  169  132  158  178  197   45   89   83
  159  187   37   16  158  124  198  156   77  146  130  116  162   16   79
   48  188  196  166   42  105    2  122   49   76  175  192  140   28  117
   18  194   97   79    5   40  188   78   12  192  141   36  153  117   98
    0    0    0   58   47
   50  187    0   67   47
  119   93    0    0  186
    0    0    0    0   62
  173   45   72  183   70
   51   49   34  160  173
   91  131   35   27   39
  116  109  129  187  161
  107   33  194  169  174
  169   48  122   36    0
   77    7   64  119   79
  126   59    9  115  153
  190  134  115  124   19
   46   35  197  168   46
  186  145  102   69  113
   24   29  158    7   56
  188   16   80   97   32
   92  114   32   40  147
  190  163  172   21   35
  162  150  111   82  116

  Bi   hi   su   su
           time cost
 PSIZE,CV,TBO,TSCAP,AVGCAP =      2    2    1    1    8
