   20   20
    1
 3028
 1.00 1.20  54.  62.
 1.00 0.90  21.  25.
 1.00 1.10  54.  62.
 1.00 0.80  21.  62.
 1.00 1.10  65.  37.
 1.00 0.90  65.  50.
 1.00 0.80  54.  25.
 1.00 1.00  32.  50.
 1.00 1.00  54.  50.
 1.00 1.20  65.  50.
 1.00 0.90  43.  25.
 1.00 0.80  43.  37.
 1.00 0.90  21.  25.
 1.00 1.00  65.  50.
 1.00 1.10  43.  75.
 1.00 1.00  43.  25.
 1.00 1.10  21.  25.
 1.00 1.00  65.  37.
 1.00 0.90  21.  25.
 1.00 0.90  21.  50.
    0    0  193   60  114   85   14    0    0  157    0   81  142    0  182
    0   43  127  110  153   16   46  127   82  197   69  197  166    0    0
    0    0    0  163    0    0   26    0    0    0    0  191    0    0    0
    0   76    0   87  132    0    0    0    0    0  150    0   67  180    0
  100   91  146   18   11  107   86   68   27  153  193   12   28   54   71
  194   62  121   98   36   75   89   26  185  181  102  107   16   98  187
   41   10   87  188   82   38    9  109  119  136   55  110  101   34   44
  113   84  112  186  177   79    5  138  106  150   27  137  107   62   71
  147  116  135   71   75   82   85   55   88  192   92  165   18  166  147
    0  180  183  156  184   38  146   63   81   76  112  140   29   26   92
  134   22   26  154   10  108  101   45  110  196  147  139   61  123  130
   91  161  104  163  117   16   19  165  138   21  183   21   51  114  165
    8  104   95   43   45   78   25   64  158   88   94   59   48  153    9
   57   69   67   47  181  172  184  120  178   83   15   70   46   51   85
  198  117   56   63   66   30  185  145  113   31  134   61  156  111  135
  106   60  164  163   65  169  139   94   75    1   45   58  145   74  116
   99   77  182  117   78  154   60    0   59  155  120   92    7  149  156
  163  152  112   69   40  124  119   20  128  117   85   91   58  166  187
  108  139   53  178   97   97    5  101  109  143   66  124   82   21   13
   96  108   76  107  115  129  149   48   66  132  131   24   62  155   93
  110  138    0    0  134
  197    0   51  103    0
    0   95   43   43    0
  139    0    0   23    0
  103  130   41   72   22
   94  117   34  125  178
  154   47   26  126   60
   28   33  143   86  199
   65  185   29  186  163
   73  111  161  151  122
   92  126  103  118  178
  151   95   88   68  113
  105   93  122   73  183
    7    8  180  117  196
    9  142   97   65  163
   82   82  135  124  169
  139   90  152  160  139
  182  197   14    5  100
   85  152   95  181   82
   46   75  197  121  185

  Bi   hi   su   su
           time cost
 PSIZE,CV,TBO,TSCAP,AVGCAP =      2    2    1    2    8
