   20   20
    1
 2350
 1.00 1.00   5.  50.
 1.00 0.90  14.  62.
 1.00 0.90   5.  75.
 1.00 1.00  17.  37.
 1.00 1.20   5.  50.
 1.00 0.90  14.  25.
 1.00 1.10   8.  37.
 1.00 1.00   5.  62.
 1.00 1.10  17.  37.
 1.00 0.90   8.  50.
 1.00 1.20  14.  62.
 1.00 1.20   5.  62.
 1.00 1.00  11.  75.
 1.00 1.00   5.  62.
 1.00 1.00  17.  62.
 1.00 1.10  17.  62.
 1.00 1.00   8.  50.
 1.00 0.80  17.  50.
 1.00 1.10   8.  75.
 1.00 1.10   8.  50.
    0  132    0   11    0    0    0   50   54   74    0   98    0    0   98
  132  163    6    0    0    0   78  127    0   66   44   70    0   13  156
  165    0    0    0   71    0    0  156  195  103    0   74    0  108   19
   30  118  178  192    0    0    0    0   86   33  152  135    0   50  132
   39   23  179  177   33   68   74  194    8  197    5   50   54   76  132
  154  197  131   39  148   64   68  198   78   43   73   11  116  135   74
  190  155   26  190   14  154  121   10  153  143   40   69   15  172    5
  169  180   27  108  147   98  138   20   85   79    0  106  179   87  135
  175   44   48   90   63   97  167  189  187    7   38  161  142   70   17
    0  132  125  193  123   31  159  197  187   53  111  136  112  198   44
   97  165   79   92  114  137   96  196   59   82  119   39  139    7    1
   25   18   85   99  104  133  146  106  186   26  164   66  161   90   90
   33  183  105  106   95   26  143  152  163   57   18  193   98  193  121
  163  152  116  197  110   24  119   32    2  117   28   87   28  111  160
   67  144   90  109  124  164   76   82   82  133   15   86  138   13  148
  140    6  187  169  128  131   62   89  130   43   86   83   10   31   97
   50  139  119    6  143  133   57  145   76  133   59  151  100  117  196
  149   92  187  141  166  159  124  189   13   55   16  196  134   66  187
  153   89  142  113   56  184  105   96  141  154  191   93  176  167  102
  181   96   71   66  162   93  198   89    0   32  189  154   28  111  156
   29    0    0    0   40
    0    0    0  128    0
    0   36    0    0  101
   72    8    0  106  188
  149  133  109   99  126
  192    1  167  102   10
  138  115   93   46  179
   91  187  141  176  109
   76   60   87  139    7
  179  184   69  197   63
  140  160   26  155   14
   17   26  199   60   69
   20    8   67   97  125
  145  195   83   92   83
   90   87  197   32  115
   51  175  107   71   88
   97   60  130  174   83
   38  124  135    9   39
  107   19  108   24   33
   24  173  129   14  115

  Bi   hi   su   su
           time cost
 PSIZE,CV,TBO,TSCAP,AVGCAP =      2    2    1    1    8
