   20   20
    1
 3432
 1.00 1.20  43.  37.
 1.00 0.90  65.  75.
 1.00 1.20  43.  62.
 1.00 1.10  43.  75.
 1.00 0.80  43.  62.
 1.00 1.10  65.  37.
 1.00 1.10  21.  50.
 1.00 1.00  21.  50.
 1.00 1.20  21.  62.
 1.00 0.80  65.  37.
 1.00 0.90  54.  62.
 1.00 1.20  65.  75.
 1.00 0.90  32.  62.
 1.00 1.10  65.  75.
 1.00 0.80  21.  75.
 1.00 1.00  21.  37.
 1.00 1.10  32.  25.
 1.00 1.00  65.  50.
 1.00 1.00  32.  62.
 1.00 0.90  32.  50.
    0    0    0  146    0    0    0    0   54  190  156  131    0  103    0
    0    0  169   69    0    5   78    0    0    0  138  105  136  165   83
  127    0   43   65    0   27    0    0   90  131  143    0    0  148    0
  196    0    0    0   81    0   67    0    0    0  199    0   34  175   59
  169   40  173  186  126  197  139  186   75  122  104   56   52    8  183
  100   64  132  148  125   73  166  164   53  189  159   54  135   50  187
  199   32  102   67    7  135   78  114  139  108   55   17    3   66  164
  180   22   83   54    5  138  112   77  185  138   71   53  186  147  109
    3  199   71   94   83  149   98  123  138   35   71   75   79   72    3
   10   17    8   95   54  105   93  122  172  126  102   14  121  137   42
   77  158   88  102  194    2   57  123  163   70   58   24   21  111   17
  183  149  145  182   12  101   49   32  155  162   22   16  100    2   61
   99   54   86  181  150  166   88   36   59   24   10   44  168  129   46
   62  129  155   83  188  112    5   84   18  173  188   37  110   69  154
  170   57   66   81   46   69  166   92   61   76   68    3  103  140  198
  105  196  189  166   95   80  120  161   86   63  133  163  193  141   24
   21  141  183   52   37  153  102   15   22  194   69  126  173    5   30
  153   93  163  102  134  175  155  136   86  147  163  192   37   77   90
   40  100  189  192   33   61   67   16  189   99  125  139   25  110  176
   36   73   74   61   10  110  114   99  190  100   27  107  149  114    7
    0    0    0   96  125
    0   78   73    0    0
  127    0   53    0    0
    0    0    0  149  198
  130   40  163  132  198
  175   61  155   96  168
  104  141  195   14   18
   95    2  199   76  122
  176  141   54  162    5
  123   94  194   62  115
  164  151  100   13  127
  146   48  195   32   32
    6   18   53  159  192
  124   29   43  194   77
   36   28   40  189   77
   86   59  102   33  131
  135   67   53   16   16
   20   40   63   11   98
  144  167  139  105   38
  185  157   69  104  154

  Bi   hi   su   su
           time cost
 PSIZE,CV,TBO,TSCAP,AVGCAP =      2    2    1    2    7
