   20   20
    1
 2103
 1.00 1.00  17.  25.
 1.00 1.10  14.  37.
 1.00 1.00  11.  37.
 1.00 1.10  14.  37.
 1.00 1.00   8.  75.
 1.00 1.00  11.  62.
 1.00 1.10   8.  50.
 1.00 1.10   8.  25.
 1.00 1.20  11.  50.
 1.00 1.20  17.  25.
 1.00 1.00   5.  25.
 1.00 1.00  17.  50.
 1.00 1.10   5.  50.
 1.00 1.00   8.  37.
 1.00 1.20   8.  37.
 1.00 1.00   5.  37.
 1.00 1.20  17.  62.
 1.00 0.80   5.  75.
 1.00 1.00  17.  75.
 1.00 1.20   5.  37.
  158  173   64    0    0    0    0  119    0   80    0    0    0    0    0
    0    0  147   11    0    0   64    0    0    0   91    0  147   41  141
    0  158    0  163    0  190    0  190   75   81   83   52  186    0    0
   58   74   83  102    0   94  180    0    0   30   17    0    0  100   88
  191  103   36  140   47   33  170   34  130    8  168   53  155  179  119
  154  188  182   90   26   80    0    0  196   77  153   59  107   56   35
   63   12  101   45   11   58   50  170   85   94  177  168   96   64   62
  192  160  135  143  173   78  129  125   20   80   60  157  121  187  120
  165   38  187   83  156  131   47    3  192   24  104  150  145   68  188
   99  145   56   46  173  135   44  153   45   17  101  196   20  154   60
  139   39   94  163   89  164  132   91  110  120   35  107   75  110   38
  113  194  120  198  191   64   49  112  175   24   32  169   39  169  174
  154  120    1  106  170   42   75   36  148   89  178   12   40  124  123
  130  130  133   60   56  196  177  199  165   14  148   80  131   17  123
   78   13  192  135  102  146   38  132  178  185   83   71  162  157   51
  199  138  167  183   53   46    1  186   12  178   63   47  111  183  172
   19  181   19  156   82  179  169   86  102   13   13  157  144   12   86
   68    5  123   28  143  133  156   58   79  110   16  165  162  153   25
  168   48   22  100  149  169   10  192  165   65   57  149  108  175  148
  149  185    0    8   47    8   25   76  192  181   59  192  126  151   84
   21    0   73    0    0
    5    0    0  116   21
    0  131    0    0    0
  134  170    0   44    0
  108    2    1  184    6
  101   38  166  173  102
  193  102  113   57   93
  152  140   27    9    8
  122  160  167  113  173
  106   38   30   39  163
  103   22  154   49  137
   91   94  133  122  177
   45  147  199  192  158
  118   28   79  179   95
   23   83   42   33   17
  174  165  100  111   59
  166  166  169  183   40
    4  198   49    9    9
    3  110  170   11  191
  128   70  123  152  109

  Bi   hi   su   su
           time cost
 PSIZE,CV,TBO,TSCAP,AVGCAP =      2    2    1    1    9
