   20   20
    1
 2664
 1.00 0.80  11.  62.
 1.00 0.80  11.  50.
 1.00 1.00  14.  75.
 1.00 1.20  11.  37.
 1.00 1.00  17.  37.
 1.00 0.90  14.  62.
 1.00 0.90  11.  62.
 1.00 0.90   8.  50.
 1.00 1.00  11.  62.
 1.00 0.80  11.  25.
 1.00 1.00   8.  75.
 1.00 0.80  11.  62.
 1.00 1.10  17.  50.
 1.00 0.80   5.  50.
 1.00 1.00   5.  25.
 1.00 0.80   5.  25.
 1.00 1.00  17.  25.
 1.00 1.20   5.  37.
 1.00 1.20  14.  25.
 1.00 0.80  14.  50.
  140  139    0    0    0    0    0    0    0    0    0   88    0    0   55
   92    0    0   15    0  137    0  172   23    0  180    0    0   41    0
  168    0  107    0  167    0   79    0  187  164    0  182  177    5    0
   67    0    0    0    0    6    0   21    0    0   24  167    0    0    0
   47    6   12   16  186   79  136  151  110  174  125  186   81   50   91
  167   13   22   11   67   65   86   82    4  108  155   37  160  144   89
  142  111  143   52  143  114   51   55   66   67  172   40   48  124   53
   12   64   74   33   39  137  196  152  163  155  125  125   50  164   46
  141  159  112  123  135  120   44   60  166  170  183  132  153   52  160
   78  166   26    9   22   48   88   54   63   90  122  198   71  104  138
  158   69  195  151   67   36   11  146  100   51  154  189  185  194   79
   24  181  178  120   22   26  162   53  101   73   40  193  102  111   41
  193  140   26    0  167  116   85   93   74    8  194  193    9  106   97
   60   63   39   64   31    3  142  148   48  178  144   60  175   21  110
  134   69  169   13    7  124   16  169  181  125  127   58   98   13  141
  171  154   61  109   51   84    5   96   82   25  137  123   48  165   74
   10   21   33    5  131   75   29    8  186  148   19    1   32  179   95
   18   97  172  118   55  147  111    4  190    8   23   63  168  154  186
  142  184  144   14  101   31   27   83   11   42  145   18  124  115    0
  120   85  166   74   58  194  142   23  172  135  151   16  160  138  153
    0    0    0   67    0
   95  181   79    0    0
  153   41    0  116    0
    0   15  149   79  117
   45   90   88  106  121
  108  128   94  151   30
  186  141   80  184  107
  148  197   69  104  149
   16   92  159  186   29
   79    0  108  193  146
  177   81  119  148  115
   13  107   69  171  122
   38   97  188  102   55
   16   69   36  199  169
   53  159  197   90  118
   70  129   84  193   26
  173   42   50  123   23
   69  180  173  197  186
   35   11  144   92  130
    7   90   36  137   25

  Bi   hi   su   su
           time cost
 PSIZE,CV,TBO,TSCAP,AVGCAP =      2    2    1    1    7
