   20   20
    1
 2709
 1.00 1.10  54.  50.
 1.00 1.10  65.  75.
 1.00 0.80  54.  50.
 1.00 1.10  43.  75.
 1.00 0.90  21.  50.
 1.00 1.20  54.  50.
 1.00 0.80  32.  37.
 1.00 1.10  65.  62.
 1.00 1.10  21.  37.
 1.00 0.90  21.  62.
 1.00 1.00  43.  75.
 1.00 1.20  54.  25.
 1.00 0.80  54.  62.
 1.00 1.20  32.  50.
 1.00 1.10  54.  50.
 1.00 0.80  21.  50.
 1.00 0.80  43.  37.
 1.00 0.90  54.  50.
 1.00 1.20  65.  75.
 1.00 0.90  43.  25.
    0    0    0    0    0    0    0  122    0  169   33    0  101   47    0
    0    0  163   55    0  154  162    0   23   30    0    0   79   66    0
    0    0    0  162  100   36  161  160  173  151    0    0   17    0    0
    0   96    0  158  194   79   79    0   98  156  120  187  132    0    0
  183  140  193  110  157   39  158  113  137   99   22   82   56  119  147
  167   97   84  128  176  104   50   20   69  197   65   12   83  145  175
   68  114  116  182  129   43  188   48   71  161   48  182  169  159  108
   39   24  188   20   10   74  118   91   17  118   91  115   47   21  100
  123  195  149   55   13  181   77   62   98  173   16    2   59  140   32
   24   37    3   88   54   57   56   23   34    0   88   81   84  153   12
  167   60    3   77  192  179   43  111   27  124   39  104   20   40   62
   36  122  144   79   51   18   43   93  125  184  175  180  179  134   91
  112   66   59  156  128   32  125    1   66  155   56  168   22  168  128
  107   21   24  150   13  148   96   16  177   25   23  108  185  102  173
  120   26  152    1   64  174  181   85   11  127  196  122  100  133   76
    5   56   90  186   50  198   41  156   92  131   32   10  168   32   31
   57   20    5   47   32  171   47   99  120   15   87  145   43   64  199
  125   39  191  102   25   84   37   94  181  189   80  122  173   30  185
   74   16  137   13  143   72  122   27   46   31  171   58  166  188  186
   48  173  122   71  173  117   43  177  189    8   32  118  158  183   17
  113    0   27    0    0
  134  161    0    1   21
  101  189    0    0    0
  127  124    0    0    0
  111  110  170    9   82
   75  102   93  145  101
  195   64  123   92  188
  159   24   49   72  157
   45  178  172  112  121
  126  180  142  131  155
    8   89   11  198  186
  192  171  104   86  193
   42   86   96   80   18
   85  169  192   85   26
   21  158   74   19   64
  100   67   14   82  123
  113  129   58   79  113
  143    0   23  137  145
  111   13   48  170   95
  128  148   57   29   55

  Bi   hi   su   su
           time cost
 PSIZE,CV,TBO,TSCAP,AVGCAP =      2    2    1    2    9
