   20   20
    1
 3432
 1.00 0.90  65.  25.
 1.00 0.80  65.  37.
 1.00 1.10  43.  75.
 1.00 0.80  65.  25.
 1.00 1.10  65.  25.
 1.00 1.20  54.  50.
 1.00 0.80  54.  25.
 1.00 1.20  65.  37.
 1.00 0.80  43.  50.
 1.00 1.00  54.  37.
 1.00 1.10  54.  50.
 1.00 0.90  43.  37.
 1.00 0.80  65.  75.
 1.00 1.00  65.  37.
 1.00 0.90  43.  37.
 1.00 0.90  65.  37.
 1.00 0.90  32.  75.
 1.00 1.00  43.  50.
 1.00 0.90  43.  75.
 1.00 0.80  65.  25.
    0   30   87    4    0    0    0  198  182   14   21  195    0    0   75
    0  113   62    0    0    3   11    0  132    0   70    0    0    0    0
  143    0    0    0   42   24  169  109    0    0   69   71    0  137    0
    0   49    0    0    0    0   35  144   74    0  134  190    0    0    0
  104   92   28   76  160    9  149  139   47  138  132  188  145   83   70
   11    0   97  131   94  132   21   31  196  199   24  147  190  147  176
  148   46   59  144   55  147  117  136   71   66  131  123  191   28   33
    2  153   22   89   84   97   98  113  183   58  176   47   58  124  163
   97  173   19  118   75  120  100   48  136  114   10    2  122   50  181
   49   83   14   56   13  171   20  136  163  176  144  169   51  136   84
   25   53   88    3  158   36   31   56   56   34   96   21    5   34  157
  150  138  131  184  129  132   56   44  159   74  113  165   59   17  165
  133  141  174   99  142  137  185  188  148  103   57  165  191  116  100
  129  148  145   86   87  132  173  156  162  116  119  188   39   23  179
   12  170   24  166   98   90   56   62   65   33   11  165    6  198   31
  144   36   38  101   10  196  191   77  187   53  115  149   57  122  161
  164    6  102  106  117   48  114  192  195   31   27   75  170   72  120
   98   85  129   75   43   92  117   52   32  127    3   67  138   58    8
   87  164  147  177   68   43   49  103  125  115   93  149  122   53    1
   85  153  197  139   84   17   71   34   74   95   69   63   63    8   75
  179    0  123    0    0
    0    0    0    0   15
    0    0    0   52    0
   21    0    0  188    0
  159   54   27   72  155
   67   46   77    4  143
  142   88  113   63   28
  163   70   65  164  115
  145  138   67  132   23
   39    4   74  167  160
  157  186  145  104   78
  154  111   53   82  172
   82  197   64    9   75
  181  149   60   41  107
    2  132  104  181   17
  163   93   84  161  159
  123   69   59   34   74
  127   26  100  115   82
  131  106   99   51   57
  138   97   96    1  183

  Bi   hi   su   su
           time cost
 PSIZE,CV,TBO,TSCAP,AVGCAP =      2    2    1    2    7
