   20   20
    1
 3028
 1.00 1.00  54.  50.
 1.00 1.00  65.  25.
 1.00 0.80  54.  50.
 1.00 1.20  32.  25.
 1.00 1.00  54.  37.
 1.00 1.10  54.  37.
 1.00 1.00  65.  75.
 1.00 0.90  43.  37.
 1.00 1.00  32.  25.
 1.00 1.00  54.  75.
 1.00 1.20  43.  25.
 1.00 1.20  21.  37.
 1.00 0.90  43.  62.
 1.00 1.20  54.  37.
 1.00 1.20  65.  75.
 1.00 1.00  43.  75.
 1.00 0.90  21.  62.
 1.00 1.10  65.  37.
 1.00 1.00  32.  62.
 1.00 1.20  32.  25.
    0    0  172  116    0   94  119  149    0    0    0   44    0    0   44
  188   73    0  161    0    7    0    0    0    0  124    0    0    0    0
   54   35    0    0  121    0    0   96    0    0  155   51    0    0    0
    0    0   29  185    0  182    9   87  191    0    0   96    0  178  180
   63   26  187  188  132   17  112   58  104   50   20   69    4  102  120
  114   55  171   49  106  141  179   28   25   98  110  164  179  152   92
  187   54  121  178   71  152    0   61  165  155  115  165  149  176   52
  130   66  122   74   92   45   83   44  146  199   99  152  195   32   26
   58  174   34  197  174   83  150   96    5  107  139  164  157  135   60
  198   92  123  185   92  117  154   68   23  125   76   79   68   76    7
  198  116  147  137   52  185  143    1  128   95   62  158  108  109   83
  116  105    3   33  167   18   55  170   39   55  176   70   63   56  163
  184   26   80    1  102  156  188  163   87  155   99  179  142  135   81
   38   51  160   15   93  171   42  172  166  120   14   80  116  136  179
    7  184  149  140   48   38  192  112  176   27  134   98   28  135   88
   62  132  172  152   43  120   71  189  106   68   75   99   83    9  130
  133  129   10  194  177   17  170  180  113   71  141  142   23   74    0
  140  154  194  114  172   85   78  189  155   31  123  194   38  176   20
   81    1   95  112  103  126  116  193  193   14  133    1  109  190   27
   39  101    6   77  167  134   88   75   54  155  169   63  112   46   34
    0  101    0  109   17
   36    0    0    0    0
  152    0   17   36    0
   52  164    0    0    0
   98  138  120   22  129
  165   17   61   14  130
   88   18  146   33    5
   66  162   95    6   19
  149   76  197   12   92
   74  137  100  117  197
  140  147   57   41  124
  192  132   88  190  184
  130  104   98  157  130
   60   14  146   73  101
  170  169  154   80   85
   34   25   47   48   67
  140  167  168  173  189
  100  164   52  178  113
  130   74   31  126   14
  185  113  133  180   95

  Bi   hi   su   su
           time cost
 PSIZE,CV,TBO,TSCAP,AVGCAP =      2    2    1    2    8
