   20   20
    1
 3432
 1.00 0.80  21.  25.
 1.00 1.00  54.  37.
 1.00 1.20  32.  62.
 1.00 1.00  32.  62.
 1.00 1.00  54.  25.
 1.00 1.20  43.  37.
 1.00 1.10  54.  62.
 1.00 1.10  43.  50.
 1.00 0.90  65.  25.
 1.00 1.00  21.  25.
 1.00 1.00  54.  62.
 1.00 1.10  43.  62.
 1.00 0.80  54.  37.
 1.00 0.80  43.  37.
 1.00 1.10  54.  75.
 1.00 0.90  43.  37.
 1.00 1.00  32.  62.
 1.00 0.90  43.  62.
 1.00 1.10  54.  75.
 1.00 1.00  32.  50.
    0   57   43    0    0    0    0    0   53  195  192    0    0  178   32
    0    0    0   62  181    0    0  166    0   47    0   57    9  135    0
    0    0    0   28    0  100    0    0   14   83    0    0    0   99    0
    0    0    0    0    7   12    3  113    0  106    0    0   81   84  155
    8   70  108  172   32   98   51   70  122   49   76  173  181  197   24
  172   45  178  174  123  169  109  129   95  152  118  109  115  111   45
  159  141   79   76   20  154   61  109   48   73  164  157   31    7  162
   54  184  126    9    9  166   34  158  161   99   35  166  190    4  196
   54   31   94   42   40   65   23  154   38   76   73  124  137   21   97
   21  185   24  153   25    1  178  169   92  133  143   88   10    0  108
  119  176  178  157   23  162   80   25  146  175   69  163  179  163   51
   95  197   70    5  198   48  198   56   47  181  166   53  174   78   25
  191   44   33  198  186   37   29   37  155  122    4    7    6  173   94
    3   65  156   74  137   94  190   37  193  126   47  135  115  121    1
   97   61  138   10  119  163  104  148   33  185  121   73   93  160   83
  183   46    4    8   10  183  114  156  101  188   71   82  115   12  114
   72   77  184   32   15  199  156  161   16   88  132   70   91   76   31
   33  102   60  198  143  198  118  160   95  123  160  157   59   76   85
  134   18    0   33    0  101  151   70  150   98   16  155  112   48  150
   69  189   20  102  182  129   45  102  155   86  109   56   14  182   70
    0    0  170    0   17
  144   53  138    0  101
    0  146    0  166   31
    0   72    0    0    0
   63  160  106  185  120
   37   19  177  196  151
   24  125   71   50  165
   37   52  172   83  159
  143   59   77   90   16
  197   68  195   66  130
  180  128   54   62   83
  159   51  110  144   67
  117  137  175  133   17
  195   67  103   58   76
  155   33   29   82  181
  110  155   21  163  109
  112  137  116    5  159
  199  151  142   43   96
  187  101  155   92   43
   23  108  189  125   69

  Bi   hi   su   su
           time cost
 PSIZE,CV,TBO,TSCAP,AVGCAP =      2    2    1    2    7
