   20   20
    1
 2664
 1.00 1.20  11.  37.
 1.00 1.00   5.  62.
 1.00 1.20   8.  37.
 1.00 0.80  17.  75.
 1.00 0.90   8.  25.
 1.00 1.10  17.  75.
 1.00 1.10  11.  62.
 1.00 1.20   8.  62.
 1.00 0.90   5.  50.
 1.00 1.10   5.  37.
 1.00 1.00   5.  75.
 1.00 1.00  14.  37.
 1.00 1.00  17.  50.
 1.00 0.90  11.  50.
 1.00 1.10  11.  37.
 1.00 0.90   5.  75.
 1.00 0.90   8.  37.
 1.00 0.80  14.  25.
 1.00 0.90   8.  50.
 1.00 1.20  11.  50.
  185  194    0    0    0    0    0    0    0   12    0  112    0  170   59
    0    0    0   54    0    0    0   25    0    0    0   85    0    0    0
  105    0  133  150    0  158  137    0   48    0    0  129  121   92  100
    0  163  100    0    0    0  123    7  117  182    0   99    0  181   60
   82  131  105   97  142   55  162  199  174  169  118  182   16  130  167
   55  177   73  175   14   73   70   40  112   54   85  177   32  166   23
  168  147   46  174  138   52  176  101   36   58   18  186   58  151  104
   79  174  161   81   34   99   32   50   11   16  197  135   62   59  190
  187  139  160  130   16  120  116  138  185   81  153   38  177   28  141
   83  166  188   90  183  132  151  134    7   34  143   76  141  109   38
  187   24  145  178  187   95   18   95  154  134  183  102  186  152   41
  186    4  127   61  110   55    5  137  104   46   94   97  131   90  109
  187  139   58    7  112  154    8  188  161   75  106   16  197  141  197
   52  171   67  183    2  141  150  167  196   22   65  186   40   41   84
   52  170   70  106  158  176   78  109  114   12   13  171   23  156   44
  146   28   71  135   12  159  163    2  189   16  179   40   93  151  130
  162  141   60   98    3   77  196    0   25  154   15  133  199  192   61
   38   22  190   46  155   31   23   60  147   73   94  170   26   81    5
   66  134  142   77   58  165  185   76   32   21   33    7  146  133  137
   41  124  111   78  191   67  134   35  104   53   37  145   59  170  198
  176    0  171   49    0
    0  179    0   56    0
    0    0   23  165   98
    0    0    0    0   82
  141  124   25   16   74
   91   94   31   85  183
   39   57  189  120  141
  114  197  129   30   10
  122   14   62   49  132
   12  125  176  127   80
  107   17  197  123    2
   22  113   21  177  185
  124  198  164  111  179
   93  179  190   98   15
  197   78  155  165  143
  185  140   77   71   16
   30   25   76  195    0
  124   31  154  167  168
   54   93   24  147  190
  114   37   63   49  123

  Bi   hi   su   su
           time cost
 PSIZE,CV,TBO,TSCAP,AVGCAP =      2    2    1    1    7
