   20   20
    1
 2709
 1.00 0.80  21.  50.
 1.00 0.80  21.  75.
 1.00 1.20  21.  37.
 1.00 0.90  32.  75.
 1.00 1.10  65.  75.
 1.00 1.00  65.  62.
 1.00 1.20  32.  62.
 1.00 1.20  65.  37.
 1.00 0.90  43.  25.
 1.00 0.90  21.  25.
 1.00 1.20  21.  62.
 1.00 0.90  54.  37.
 1.00 0.90  54.  75.
 1.00 1.20  32.  25.
 1.00 1.20  54.  62.
 1.00 0.80  65.  25.
 1.00 0.80  32.  75.
 1.00 1.00  43.  62.
 1.00 0.80  32.  50.
 1.00 0.80  32.  62.
  179   89  144  125    0  151   20    0   62    0   21   56  143   78   57
  154    0   66    0   54   42    0  110    0  128  161  122   61    0    0
  161   30   68  104    0    0    0    0   78    0  118   58    0  192    0
    0    0    0  122  154    0    0    0    0   30  162    0  194  105   18
  132   36  127  167  167  164   49   59  117  105  101  165  151   91   68
   10  140   79  185  122   80   25   50   74  154   93  155   51  145  134
   48   16   58    5  100  106  129  117   72   17   63   23  171  134   52
  155  162   26   41    4   59  109   71   70  151    8  113  148  162  180
  144  134   58  139   42  103  190  171  116  152   64   44   82   54  105
   60  102   20  151   51   71  127  168  171   75   29   16   27   18   67
  145  119   70   89  163   26   34  166    8   99   75   64  127  114   74
  137  198   58   64   55  156  155  183  142  110   39    8   96   54  105
   16   40   93  152  135    4  106  145  103  176  194   45   17   93  159
   49  130   74  131  166  127  151  178  141  139  108   50  189  189   22
    1   81   34   93    5   36  164  177   42  126  110   59  126  159   27
  146   84   70  149  193   48  138  120  127   95   68  162  178   65   51
   24  193   46   28  147  159   68   79  129  111   45  131  117  156   81
  186   41  151   61   30   28   97   75  182  142  110   42  126  114  177
   50   92   55  135   45  157   59   75   78  171   50   18   53  156  180
  175  133  119   56  138   56  196  172  178  187   92  100   63  124  114
  155  141  111   52   77
    0  130   65    0   87
    0    0    0    0  158
  120    0   16    0    0
   87   68  125  172  109
  152  125   48  151  196
  104  101   75  155  185
   71   40  109   36  194
   88   99   81    1  194
    2    5   17   49  143
  153  187  177  172  114
   84   74  178   24    6
   73    9    6  147  155
  116   37  150   91   70
   67  128  199  133  135
  125   22  194   72  140
  176  159  150   31  157
   19   87  106  127    1
   23   87   66  143  190
  194  113  165  158   35

  Bi   hi   su   su
           time cost
 PSIZE,CV,TBO,TSCAP,AVGCAP =      2    2    1    2    9
