   20   20
    1
 2103
 1.00 1.20  14.  25.
 1.00 1.10  17.  75.
 1.00 1.10  11.  75.
 1.00 0.90  14.  62.
 1.00 0.90  11.  25.
 1.00 1.10  14.  25.
 1.00 0.90   8.  25.
 1.00 1.10  14.  62.
 1.00 0.80  14.  37.
 1.00 0.90   5.  25.
 1.00 1.20  17.  37.
 1.00 1.20  14.  25.
 1.00 1.00  14.  62.
 1.00 1.10   5.  62.
 1.00 1.20   5.  25.
 1.00 0.90  14.  37.
 1.00 1.10  14.  25.
 1.00 0.90   8.  25.
 1.00 0.80  11.  37.
 1.00 0.80   8.  37.
  138   21  188    0   26  199   59  164  170    1    0   92  146    0  190
    0   98  197    0  144  165    0   54  183  116    0    0    0    0    0
    0    0  117   65    9    0    0    0    0    0    0  123   91    0  197
  191  193  127    0  176  137   36   82    0   89  126    0  146    0    0
   66   31  195  187   68  168   15   28   30  123    8  121  192  146  160
  134  115   27  198   46   92   86   82  106  165  114  186  165  110  166
   82   59   41  109   28  151  173  115   38  162  147   88   80  179  183
  146  170  137   81  115   21  162  102   46  110  184   87   98  182   64
   53  168   44    8   46    3    3  192   25  109  176   47  163   67   47
  125   45  135  133   18  107   23  135  137   38    0   56  135   32   80
   55  166   19   69    4    7    1  143  172   74   15  131  186   37  126
   97   14   58   17  181   40  178   16  162  140  159   20   29  186  161
   38   44  123   80   12  174   43   54  131   34   23   29  169   63  107
  154   79  178  186   85   73   62   26  194   31  131   41  164  130  181
  182   48  127   60  110   59  127  169   76   48   12   44  148   20    7
  148  131  112   26  121   27  150  180   66  140  177  120   34    5  119
  152  132   87   84   12  138   49   57   97   20   91  120  174   56  131
   55  104   70    5    4  174  121  157  155   70  124  156   21   57  154
  149   53   95   49   78  185  129   25  178  153  104  125    7    3  157
  167  111   57  105   62   84  103   36   41  120   87   72  146   60   61
    0    0  171    0    0
   31    0   21  143    0
  142    0    0  147    0
    0    0   66    0    0
  184  113   37  175   24
  191  199   63  183   43
   62    3   55   99   48
   18  130  156  179   16
   82   21  109   12  152
  149   13  165  182  168
  157   15   13  144   69
   93    0  103  167  144
   22   27  158   25   63
  124   17   77   63  100
   59   92  174  165  197
    9  158  185  131  134
   16    8  104   99  164
  127  147   54   18   18
   32  115  138   98    1
   23  188   26   47   48

  Bi   hi   su   su
           time cost
 PSIZE,CV,TBO,TSCAP,AVGCAP =      2    2    1    1    9
