   20   20
    1
 2103
 1.00 0.90   5.  75.
 1.00 1.20  17.  37.
 1.00 1.10  14.  50.
 1.00 1.00  11.  50.
 1.00 0.80  11.  62.
 1.00 0.90  17.  50.
 1.00 0.90  14.  50.
 1.00 1.00  17.  37.
 1.00 0.90   8.  25.
 1.00 0.80   8.  50.
 1.00 1.20   8.  75.
 1.00 0.90  11.  50.
 1.00 0.90   5.  25.
 1.00 1.00  17.  75.
 1.00 1.00  17.  62.
 1.00 0.80  14.  37.
 1.00 1.20   5.  50.
 1.00 0.90  17.  62.
 1.00 1.10  17.  75.
 1.00 0.90  14.  50.
    0    0  120   82  153   26  105    0    0  194    0    0    0    0    0
   49    0  198   74  117    0    0    2    0  162   15    0   64  136    0
  107    0    0  104   68    0    0    0  122    0   77   43  182   10   95
  105   48    0  106  152    0   18   68   11   51    0    0    0    0    0
  165  119  112  125   46   32  177   85   44   21  132  130  125  112  177
   77  167  135   90  182   23  171  135   59   41  111   36   85  137   19
  156   18  134  175  151   21   90  106    6  142  123  109   71   76   82
   55  163  198  160   95  123   59   33   63   81   76    9   80  157   62
  123    5  105  132   41  152   68   32  179   95   77    9   70  108  164
   71   71   56    5  124   36  188  110   89  168   51  146  142   85   98
  163  172  123   81  126   82  104   56   53   11  183  106  108   98   27
   76    9   82  169   14  114   96  172   26  166   72   50   63  123  108
   70   32  168   33  136   53   93   38  126  150  174   31   84  180   56
  113  154   98  179  150  177  147   79  134   43   47   96  103   48   11
  118  182   12    5  126   40  195  111  149   85   52   76  143  114  156
  137   97  105  149  128  185  159   85  171  101   72   35  167    7  185
  169  158  104   80  161   83   52  187  155   50   33  150  126  165   64
    8   38  154   99   92  160  188   31  173   74  106  126   95   78  113
   39  106   27  163   53  100   67  116   36   42  128  122  113  101  112
  119   80  145  190   62  143   24   74  185   63  193   89   38  160  139
    0    0   38    0  120
    0  146    0    0    0
    0    0    0  183    0
    0   99  181  154    0
  132   98   49  155    6
  182   30  113  150  179
   76    5  158   21   41
   91  142    0   36    8
   93   77  126  116  189
  101  122    9  142   96
   28  124   25   19   81
   66   57  140   61  113
   88  178  114   93   52
   35  109   79  115  142
  100   80   89   84  194
  152   51   66  129  116
   45   94  111  101  121
   34  152  131  176   84
   53   76  144  120   77
  164  153   13   30   59

  Bi   hi   su   su
           time cost
 PSIZE,CV,TBO,TSCAP,AVGCAP =      2    2    1    1    9
