   20   20
    1
 2664
 1.00 1.10   5.  75.
 1.00 0.90  17.  75.
 1.00 1.10   5.  37.
 1.00 1.00  17.  50.
 1.00 1.00  17.  25.
 1.00 1.20  11.  25.
 1.00 1.10   8.  75.
 1.00 1.00  17.  25.
 1.00 0.90   8.  37.
 1.00 0.90  11.  75.
 1.00 1.20   8.  75.
 1.00 1.20   8.  50.
 1.00 1.00   5.  62.
 1.00 0.80   8.  25.
 1.00 0.90  14.  62.
 1.00 1.10   5.  50.
 1.00 0.80   5.  62.
 1.00 0.90   8.  25.
 1.00 0.90  11.  62.
 1.00 1.20  14.  25.
  175    0    0   34   73    0    0    0   71   80    0    0    0  131    0
    0    0    0    2    0    0  101    0    0    0  105    0   49    0    0
  112  147   65    0   66   50    0  168   88  125    0    0    0   15    0
    0    0    0   10   10  166    0    0    2   67    0    0    0   47    0
   69  196  159    5  137  108  164   91  168   35   53    0  117   45   91
  138  177   35   81  133  119   57   49  182  158  102  174  187  124   78
   75  135   77  110  127  173   93  114   29  116  173   79   38   36   67
  187   17  192  107  144   88    2   56  115  125   21   85   78  188  152
  189  171  122  185  102  172   81   54  118  156  176  196  152  169  188
  194  197   26  174  122   60   45  129  109   26   38  196  128   36  153
  172  153  152   84  120   31  185  132   39  143   38   52  169   58  176
   37   67   37   16  162  148  195  163   29  154  179   29  131   54  143
  127  150  169    8   74  136  192  135    5   15   40  103    4   53   82
  117  175   89   70  121  134   30  177   95  199   76  126   21   81   50
   48   51   76  157  190  167   90   44  186   24  149    7  117  182  124
  184   85  181  161   24  139  144  147   23   35    2   95  104   62  187
   93  109   99   23  199   80  150   23  107  184  105   98   49  156   14
   63  137  188    4    7   10  193  167  168   75   47   17   83  100  124
   64   64    8   70  112   90   52   37  157  127   14   31   62   90  135
  159  196   85  193   26  106  150   24  120   44  159   77  132  150  132
    0    0  193   63  128
   11  106   81    0    0
   79  115    0   79    0
  131    0  104    0   42
   91  112  136    4  104
    0  111   12  134   31
   42   54  140   83    1
   23  196   73  129  156
  162  179   70   43   30
  118  197   95   47   66
   46  156   40   66   39
  101  178  121   30   73
  168    9  195  188  169
   95   65   81   56   26
   14   52  179  115  190
   71  188   95  116  120
    9  125    7    5  165
   28  140  112  164  162
  165   95  184    3   31
  199  199    4   27  126

  Bi   hi   su   su
           time cost
 PSIZE,CV,TBO,TSCAP,AVGCAP =      2    2    1    1    7
