   20   20
    1
 2350
 1.00 1.10  14.  75.
 1.00 1.00   8.  62.
 1.00 1.10  11.  25.
 1.00 0.80  11.  25.
 1.00 0.80  14.  62.
 1.00 0.80  14.  37.
 1.00 1.20  11.  62.
 1.00 0.80  17.  25.
 1.00 1.20   5.  25.
 1.00 0.80  11.  75.
 1.00 1.20  14.  75.
 1.00 1.20  11.  62.
 1.00 1.10   8.  50.
 1.00 1.10   8.  50.
 1.00 1.00  17.  50.
 1.00 1.10   8.  50.
 1.00 0.80  17.  25.
 1.00 1.20   5.  37.
 1.00 1.20   8.  37.
 1.00 1.10  11.  37.
    0    2   63  157   92    0    0  160   88  186    0  189  133    0    0
    0   11  162  191   30    0  133    0   50    0    0    0  133  106    0
    0  140    0    0   54    0  192    0  159    0  174    0    0   17    0
    0    0  110    0  158   38    0  135    0  129    0    0   53  186    0
  120  165  105  139  174  113   14   38  100    9  103   80  169  124  113
  196  132   53   26   81    6  130   59   75   79  172  150  134  113  114
  123  109  177  156  129   39   66   40   46  111  195   40   75   51  144
  112  139   24    5    8    3  146  174   61  161  133   22  137  152  107
  108   13   63   62    2   56  117  138  176  134  113   19  161  112  111
   15   94  178  172    7   55   61   68   25  140  146   50    2  162   72
   15   95  186    5   38  180   44  109    6   14   30   52   41  173  180
   85   35   73   83    9   24   66  177  174   30   76  144  122   88   71
    0   98  134  102   56   73   91  150   46   46   61  148   69   66   76
   22  119   58  154  123   23   16   84  119  124  185   87  192  102   16
   90  145  122   77  110   24  120   41   46  105  161  195  165  144  157
   69  191   30  144  122  193   41    0   31  184  125  112   74  164  146
  121   71   82   21  106  196   81  170   27   86   29  125   28  130   59
   98   42  121   82   42  132  148   26  143  150  156   29    0  140  167
   32    6  147  151   24    8   29  106  116  144   20  140  185  166   22
  135  128  194    5   68  132  110   17   75   55  165   10  119  162  197
   74    0    0    0    3
    0    0  175  175  147
    0    0  126    0  194
  178  117   10    0    0
  193   11   13  183   86
  175   11  151  127   63
  127   22   77   22   53
   46  175  143  170   64
  169  190   78    5   44
  180   51  152  175   21
  191  101   21  169  137
  127   67  115   29   11
   22  159   74  113   68
  130  167  144   39  153
   84  177   47  149  198
   74  109  148   91   92
   75   83  190  119   32
  170   80   68  172  131
  187   26   54   89    1
  164  124  153  108  146

  Bi   hi   su   su
           time cost
 PSIZE,CV,TBO,TSCAP,AVGCAP =      2    2    1    1    8
