   20   20
    1
 2350
 1.00 0.90  17.  62.
 1.00 1.20  11.  50.
 1.00 1.20  11.  62.
 1.00 0.80   8.  50.
 1.00 0.80  17.  75.
 1.00 1.10  11.  37.
 1.00 1.10   5.  25.
 1.00 1.10   8.  75.
 1.00 1.00  14.  25.
 1.00 1.20  17.  75.
 1.00 1.00  11.  50.
 1.00 0.90   8.  75.
 1.00 0.90  14.  25.
 1.00 1.10  14.  62.
 1.00 1.10  17.  37.
 1.00 1.00   5.  62.
 1.00 0.80   8.  50.
 1.00 1.10  11.  75.
 1.00 1.10   5.  75.
 1.00 1.10  14.  37.
   78   30    0    0    0   13   47    0   96   66    0   96    0   56   76
    0    0   11   71   89    0    0  140  155    0    0   36  120  134   36
   34    0    0    0    0  157    0    0    0   39    0    0  132  170  142
    0  109  175  139  150    0   88    0  187    0    0    0   71   61    0
  102   41  175  194   52  156  186  150   28  139  110   61  139   13   39
   55   77  124    7    9  186  143  188  160  172  143   93   37   29   36
   62  145   39   49  140  123  124   58  120  130  115   58  184   85   89
  105  141   84    1  179  172    0   11   66   90  103  187  158  162    4
   42  194   85    9  114  143   34   28   62  112   60   18  166  148  166
   98   80  103  170   57  170   19  137  182  171   76  134  161  183  195
  101   55   72   97   90  168  146   47   83   34  174   53   14    0   74
   82   75  199   31  189  163   73  178  134  195   71  121   34   96   17
  115  145  131  137   67  141   68   16   84  114  194    9   98   60   20
   74  175  104   60   78   86   85  123  134  117   35  127  188   76    6
   33    9  155  163  135   18   97  172  113  132  176  179   62  131  158
   43   86   80   98   36  181   67  111  105  145  108    5  118    1  123
  135  174   38  124  139   28  128   46   17   79   86  176  120   41   44
  112  183  161   14   77   95  141  162  130  100   73  151   81  112    7
   75  150  162   62  160  114  131   59  171   11   85  161   51   94   57
  182  165   44   26  155   17   41   91  131  138   74   71  140   32   42
    0  157  107    9    0
   13    0   91   94    0
    0    0    0    0  143
    0    0   97    0   96
  113   68   27   49   50
  151  106   47  184  190
   47  117   14  105   48
  110  167   94  163  195
    3  170  111  131   88
  196   15   21  191   55
    5  172  100   62  116
  187   70   81  117   32
  184   29   87   17  151
   66  140  175  113  105
  185  130  128   26  196
   63   52  142  117   76
   90   94  144  183  124
  102   91  138   73  168
  136   33   81  144   84
  163  115  103    6   61

  Bi   hi   su   su
           time cost
 PSIZE,CV,TBO,TSCAP,AVGCAP =      2    2    1    1    8
