   20   20
    1
 3028
 1.00 0.90  21.  75.
 1.00 1.10  21.  37.
 1.00 1.10  21.  25.
 1.00 1.00  54.  75.
 1.00 0.80  65.  25.
 1.00 1.20  43.  75.
 1.00 0.90  65.  37.
 1.00 0.90  43.  75.
 1.00 1.00  32.  50.
 1.00 1.00  32.  75.
 1.00 1.00  43.  25.
 1.00 1.20  54.  37.
 1.00 1.00  32.  50.
 1.00 1.00  43.  25.
 1.00 0.90  32.  75.
 1.00 1.10  32.  25.
 1.00 1.10  65.  50.
 1.00 1.00  54.  75.
 1.00 1.00  21.  75.
 1.00 1.20  43.  50.
    0   26    0    0    0    0    0  198  199    0  193    0   88    0  121
  178   37  182   66  103    0  115    0  151  152    1    0    0    0  155
    1    0   49    0    0    0    0   36  143   65    0   98    0    0  155
    0   26    0  139   98    0   24    0  118   21  139    0    0  171    0
  182   18  141    9   96   43  138  170  100   73  149  169  115   62  107
   53  114  146   43   64  193   87  131  164  116   11   93    8  153  167
   66    2   19   94  144  182   19   51  131   60  174   14  179   61  121
   58  128  179   18   68    8   40  163  134   17  196  119   80  152  132
  136  156  138   90  157  190  165   77  186   44   66    0    4   24  101
  151  196   43  189   49   75  166   49   51   58   91  176   82  133  110
   57  162  177   58  120  137  147  183    1  131  115   43   99  153  197
  187   65   89  101  191  190  112   85  129   71  121   31   74  130   59
   52   61   99  196   29    3  159   44  175  160   68  173   42  153   62
   37   99   10  116  144  119   73    9  106  100   57  191  134    0   96
   75  194    0  148    8   37  150   86  149  172  129  116   70  113  195
  138  143   50   26  109  157   47    3  193   38  178   34  165  199  159
  173   35  111   93  176   74  184   55   45  172  141   83    0  175  161
  162   95  108   83  140  150  173   22   33    1  105  167  127  147  154
   42   63    2   45   47   76  192  188   90  183  130   41  173  180   92
  137   30   56   60   58    7  116  169   61  196  127   21   75   22   70
   22   25  149    0    0
    0  184  117    0    0
   27    0    0    0   21
   43    0  186   62    0
   30   71  122   37  107
  168   66  137  159   43
  109   93  195  173   83
  181    9  193  175  118
  142  121    0  191   48
  106  161   87  169   77
   33   22   30  179  115
  178   42  117   64    5
  120  102  161  117   36
  125  167   76   70  109
   25   87   49   45   24
  178   87  145   41   57
   73   93   64   86   92
   44  109    1   86   65
  156  168   49   31  149
  183   80   63   75   47

  Bi   hi   su   su
           time cost
 PSIZE,CV,TBO,TSCAP,AVGCAP =      2    2    1    2    8
