   20   20
    1
 2350
 1.00 1.20  11.  62.
 1.00 1.10   8.  50.
 1.00 0.80  11.  37.
 1.00 0.80  17.  62.
 1.00 0.80   8.  62.
 1.00 1.00   8.  75.
 1.00 0.90   8.  50.
 1.00 1.10   5.  62.
 1.00 0.90  11.  37.
 1.00 0.90   8.  62.
 1.00 1.10  14.  37.
 1.00 0.90  14.  75.
 1.00 0.80   5.  25.
 1.00 1.20  11.  75.
 1.00 1.20   8.  50.
 1.00 1.00   5.  62.
 1.00 0.80  17.  50.
 1.00 1.00  17.  62.
 1.00 1.00  14.  37.
 1.00 1.20   5.  62.
   18   77   55   53    0    0    0    0  101    0    0    0    0    0    0
    0    0  161   19    0    0    0  151    0  176   76  194    0    0   94
    0    0    0  174    0    0  163  184  185    0  140    0  178  179  146
   71    0    0    0  176    0   64    0    0    0    0   89  173    0  124
   50  137   97  104   46   97  111   86   36  173   24  148  193  153   93
   98  143  147  134  136   40  120  102  154   85   11   27   56   93    8
   20  111   30   45    0  194   63  120   89   87  107  135  137   41   12
   44   49   96   88   62  108   34   93    1  108  186  108  198   82   64
  130  190   67   46  166  101  109  141  152  178  137  118  124  195   42
  118   80  154  147  155   47  118   23   53  109  119   36  123  144  172
  112  139   23   94  111   99   14   41  116   64  113   38  182   53  153
  148   22  120   60  158  124  195  147   43  150   38    1   67  156   51
   87  105   20  134  155  149  151  113  187   81  144   82  171  128   19
  111  141  144   35   23   26  146  165  111  174  122  165  193   21   76
  195  146   41  151   59   19  178    9   18   22  169  136   74   89  132
  193  166  165   61   28   21   65    5   41  197  113  141   24  187   10
  156   46  105  166   23   92   96  136   25   35  179   68  129  198  117
  114   17  146   45   70  183   79   62   73   43   14   88  158   10   75
   48  196   46  107  170   30    3  145  169  142  112  150  186  197  188
   63  199  128   13  113  104   21   44   70  188    7   26   94   78   25
    0   30  149    0    0
   44   57  150    0    0
    0  177    0    0    0
    0  116    0  190  195
  163  199  165  118  106
   44  193   66  144    1
  108   79   25   53   95
   64   11   84  162   58
  183   32  118  154   63
   63  187   61   60    8
  165  155  118  184   21
  137   93  181   98   76
   52  135   73   89  142
   25   81   16  185   70
  158   78   45   85   55
  152  147  167   12  121
   60   79   90  105    1
  119   90    2  140  145
   52  104  100   65   42
   67  136   47   63  149

  Bi   hi   su   su
           time cost
 PSIZE,CV,TBO,TSCAP,AVGCAP =      2    2    1    1    8
