   20   20
    1
 3432
 1.00 0.90  43.  50.
 1.00 1.00  54.  62.
 1.00 0.90  65.  25.
 1.00 1.00  54.  50.
 1.00 0.80  21.  25.
 1.00 1.20  32.  62.
 1.00 1.10  32.  25.
 1.00 1.20  54.  75.
 1.00 1.20  32.  75.
 1.00 1.20  32.  62.
 1.00 0.80  65.  25.
 1.00 0.80  65.  25.
 1.00 1.20  32.  62.
 1.00 1.10  21.  62.
 1.00 0.90  54.  50.
 1.00 1.20  54.  25.
 1.00 0.80  54.  62.
 1.00 1.20  54.  37.
 1.00 1.10  65.  50.
 1.00 1.00  43.  37.
    0    0  178    0   11  177    0    0   68   89    0  100    0    0    0
  116  105    0  193    0    0   61    0  155    0    3  162    0    0   89
  196    0    0   43  131  127   16    0    0    0   38  198    0  114    0
   17    0    0    0  124   20   93  125    0    0    0    0    0    0    0
   83   24  119   34   14  170    9   80  156  152  166   75   61  106   30
   14   13  150  112  184  172  169   32   26   68  134  127   94   63   75
  190   35  182   85    4   86   34   58   43  131  133  148   13  167    3
   22   91  101  172  185   26  168   92   41  157   92  130  123    3  195
   28  156    8  172   74   18  151   60  132  178  189  105   57  158  149
   73   67   20  122   85  150   86   47  137  125  159   33  104   76  140
   93  193  163   50   74  157    6  155  199  128  111   48   54   88  198
  184  125  103   28  199   37   29   37  160  142   82   83  138  133  196
   96   49  176  119  137   58  119  132  129   22   60  161  148    5   17
  183   70  106   58   54    2  120   44   64  180   17  148   60  146   62
   14    0   74    5   70  140   44  108    1   95  107  175  156  145   29
   39   41   97  163   66  168  132  162  101  138    0   63  175  197  166
  145  107    0  100  145  145   12   78  122   83   42   27  183  163  123
  124  185  187   34  104   61   84  114  197   26   78  193   75   61    8
  148  108   81  135   31  174   78  123  190  120  139   62   25  193   30
  185   96   42   29  192  193  122  122   51   91   41   62  198  128  118
   85    0    0   72  138
  168   53   58   66    0
   35  123    0   63   64
   59  118  115  147   48
   85    0   60  153  102
   43   91  114   45  108
  165   76  177    3  192
   39  172  194  178  121
  133   13  182   77   59
   95   70  174  131   13
   27  174  109   94  198
   82  174  142  179  117
   57  182   89   23   72
   76   54   51   23   78
  184  154   62   18  145
   35   62   53  162   10
  151  110   68   47  173
   91   32  107   95  121
  136   71  172  109  109
   85   81   10  152  139

  Bi   hi   su   su
           time cost
 PSIZE,CV,TBO,TSCAP,AVGCAP =      2    2    1    2    7
