   20   20
    1
 3432
 1.00 1.10  54.  25.
 1.00 0.90  54.  37.
 1.00 1.20  65.  25.
 1.00 0.80  32.  62.
 1.00 1.10  65.  50.
 1.00 0.90  65.  37.
 1.00 0.90  32.  50.
 1.00 1.20  32.  75.
 1.00 1.10  32.  50.
 1.00 0.80  54.  62.
 1.00 1.00  43.  50.
 1.00 0.90  32.  50.
 1.00 1.10  65.  37.
 1.00 0.80  54.  75.
 1.00 0.90  65.  75.
 1.00 1.00  21.  50.
 1.00 1.00  21.  62.
 1.00 0.80  54.  50.
 1.00 0.90  43.  75.
 1.00 1.20  21.  25.
    0   98    0  164    0    0    0    0  138   55  196  178  110    0    2
   47    0   72    0    0    8  194    0    0    0    0    0    0    0  153
    0    0    0   47    0    8  110  132  101   68    0  114  172   87  186
   40    0   42    0    0  199  127    5   76  172    0   32    0    0  125
  118  166   25  106  151   38   94  169   22   66  195   75   50  134   85
  152  192   17   58  194  143   31    9  174   77  118  169  143  116  164
   61  147   58   41  123  110   77    1   23  130  104  100   65  141  185
   83   34   78  120  176  167   96  173   31  190  166   83   12  148   98
  138  115  190   83  132  103   72   25  108  165  197  144  118   64  198
  154   85  109   66   72    1  167  108   38   20  175  184  197  100  176
  155   41  185   46  189   23  118   43  171  151  145  164  114   96  175
  178  170  195  196  118   75   26   95   81  135   33  182  104    4   48
  132  187   38  127  153   90  145   18  124  113   90  149   39  119   97
   81  154  138   98    5  192   12  133   20  119   73  107  137   49  167
   94  151  125  152  199   52  117  178  199  158  175  174  144  184  132
   48   96   96  107   66  164    3  188    2  103  150   46  153   27   12
  154  106   22   37   21  198   91  119   68  181  180  132  177   79  107
  173   35  110   84   37  195  136   79   16    2   61  150   71   65  154
   62   38   69   34  185  114   35   54   12  180   78   80   54   20   37
  180   44  113   19  170  158  191   67   33  191  154   12  117  129   31
   45   49   88   38    0
    0    0   74    0    0
    0   84    0    0   97
    7    6  171   83    0
  160  139   64  137  179
   32   65   98  147  176
   60  173   10  158  176
   32  154  158   13  193
  111   28  131   69  195
  111   93  178   77  188
   40  122  110   91  175
   45   41   39   62   15
   42  120   79   33  106
   80   81   48  175  129
  143   91   28  186  172
   25   38    6   90   38
   95   15  179   49  149
   64   28  190  190   15
   37   89  155  189   73
  116  156   88   13   17

  Bi   hi   su   su
           time cost
 PSIZE,CV,TBO,TSCAP,AVGCAP =      2    2    1    2    7
