   20   20
    1
 3028
 1.00 1.10  65.  50.
 1.00 1.10  32.  50.
 1.00 1.20  65.  62.
 1.00 1.10  65.  75.
 1.00 1.00  54.  25.
 1.00 1.20  43.  25.
 1.00 0.90  32.  37.
 1.00 1.00  21.  62.
 1.00 0.80  21.  37.
 1.00 1.00  21.  62.
 1.00 0.90  65.  25.
 1.00 1.20  65.  37.
 1.00 1.10  54.  25.
 1.00 0.80  21.  62.
 1.00 0.80  54.  50.
 1.00 1.20  43.  25.
 1.00 1.20  21.  37.
 1.00 0.80  65.  50.
 1.00 1.10  54.  50.
 1.00 0.80  43.  25.
    0   50   51   53   52    0  131   22    0    0    0    0   57    0    0
    0    0    0    0   43  143    0  101    0    0    0   80  111    8   14
    0    0    0    0  127    0   37    0    0    0  126    0    0    0    0
    0  125    0   68  163    0   84    0  173   81  145  190   60    0    0
  159   72  105   39  140   19  166  140  119  105  185  125   99  108  146
  155   44  101  161   24  135  126  180  145   44  178  178  147  172  138
   21   63  188   59   46  142  169  160  112  116   99  171   97  154  118
  193   45  123   66  171  148  127  190   89   65  123   88  161  123  164
  126  150  183   76   46    7   24   81   26  146  169   30   11  195  170
   50   20   67  189  136   26  135  103  158   90   11  192  152   96   89
  175   10  147  119   53  124    2  178  159   40  144   33   13  181   75
   88  198   26   73  161   38  116   99   72   52   70  114    6   77  165
   47   41   23  172  132  140   74   56  183  102   84  196  145  125  100
  198   69   94  196   70   14   55    1  109  190   24   16   84  114  194
   62   66   41   49  121   24   37    6   99   84   19   84   87  143   35
   47  175  133  122   71   73  166   65  141  189  183  185   42  166  130
  192   22  192   52  173   77  127  120    4   24  104  157  180  113  171
  148  169  120   91  196  197  113   39   89  132  158   81  158   60  171
   16  185   69   87   60  111   68   36    7  119  186  129   14  115  100
    5   14   37  101   16   37   79   97  139   40  195  105   18   16  134
  159    0  144    0  167
    0    0    0    0    0
    0    0    0  178  115
    0    0    0    0    0
  194  169   76  149   45
  170   95   49   77  182
  190   58  121  143  175
   83   24   17   82   99
  171  167   36   59   31
  168  153   78   84   73
   54   60   71   48   54
  130   77   51   24   85
   11   19    7   73  136
   10  103   77   52  134
  139   42  113   36   68
   71   14   50  176  111
   93   27   65  148   27
  199    9  158  190   57
  190  191   22    0    1
  189  132    9   63   91

  Bi   hi   su   su
           time cost
 PSIZE,CV,TBO,TSCAP,AVGCAP =      2    2    1    2    8
