   20   20
    1
 3028
 1.00 1.00  43.  75.
 1.00 0.80  21.  75.
 1.00 0.80  32.  50.
 1.00 1.10  43.  75.
 1.00 1.10  54.  50.
 1.00 1.10  65.  75.
 1.00 0.90  43.  37.
 1.00 1.00  32.  25.
 1.00 1.00  21.  37.
 1.00 0.80  65.  37.
 1.00 0.90  65.  50.
 1.00 1.10  54.  25.
 1.00 1.10  65.  75.
 1.00 1.00  54.  25.
 1.00 1.00  43.  50.
 1.00 0.80  54.  75.
 1.00 1.00  43.  62.
 1.00 1.20  54.  25.
 1.00 1.10  21.  50.
 1.00 1.20  54.  62.
    0  144    0    0  189  107    0    0  191    0  190    0    0    0   59
    0  181  188  175    0    0   94    0    0    0   73    0  175    0    0
   80   52    0    0  123    0  177    0    0    0    0  110    0   71   26
    0    0  114    0    0    0    0  185   15    0   35    0    0   89    0
  126  177  128  172   87   87   25  192   35  164  187   97  131  192   77
   94   83   46  151   17  170  182   19   50  128   52  149  150  109   71
   18   51  144  130   34   23   32  185  122   86   55  185  122   82   31
   73   20   69  194   50  144  140  188  183   93   41   45   99  138  110
  189  191   34  170   25  172  117   50   20   74   20  165  127   59  102
  198  148  130  103   90   18   31   21   49   96   91  175  181   81   84
   59  155  120   95  118   36  127  178   21  191   61  134  184  107    6
   17   42  100  173  198   90  107  115  128   41   87  103   14   14  151
  121  182  192  194   23   85   55  189  144   73  119    6  143  131   46
   77   80  164    0  168  123   19  188   62   56  177   68   50  186  171
   26   60  118  109  113  102   14   21  194   78  168   38  169  185   47
  121   15   77   88  102  101   92  148  120   49  193   20  170  147  138
  190   42   30  199   21   32  198  199    5  136  103   46  106  168  125
   94  130    6   61  112   64  144   15    9  116  156   90   23   60  156
  100   74   57   80  127    0  145  192   70  145   71   97  101  127   37
  111   96   97   12  145   86  180   46   24  131  104   84   81   17  195
    0    0   62   63   17
  118  174    0    0    0
   17   69    0    0  131
    0   39  197  132  149
   80   58   50  176  111
   74  172  192   61   28
  172   68  181  179  131
  170  109  128   80  179
   25   82   22   16   98
  158  138  167   83  106
   35  154  125  136    6
  102   30   15   16  157
  192   41    5   60  112
  143  104  102  178   11
  196   53   46  198   74
   51  172   80  152  133
   26  116    4  149  185
  113  154  198  131   30
   72   58  108   71   81
  115   68  116  121   99

  Bi   hi   su   su
           time cost
 PSIZE,CV,TBO,TSCAP,AVGCAP =      2    2    1    2    8
