   20   20
    1
 2103
 1.00 0.90  17.  62.
 1.00 0.90  17.  75.
 1.00 1.10   8.  37.
 1.00 1.10  11.  25.
 1.00 1.10   5.  62.
 1.00 1.10   5.  25.
 1.00 1.10  11.  62.
 1.00 0.80  14.  50.
 1.00 0.80  11.  62.
 1.00 1.20  14.  62.
 1.00 0.80  11.  75.
 1.00 0.80   5.  62.
 1.00 0.80  14.  62.
 1.00 1.00  17.  25.
 1.00 1.20  17.  75.
 1.00 1.20   5.  75.
 1.00 0.80  17.  62.
 1.00 1.10  14.  75.
 1.00 0.80  14.  25.
 1.00 1.10   8.  50.
    0    0    0    0  111   22  195   72   32   54    0    0  150    4    0
    0    0  122  111   96    0    0    0  141    6    0  150  168    0    0
  132   75  126  125   41   10    0    0   53   56    0    0  114    0    0
    0    0  145    0   41    5   56   88  175    0   48  118    0   92  188
   98  127  160  125   89   46   12   52    2  145  174   72   89  146   38
   36  187  100  144   41   63   12   99   38   83  113   94  168  121    3
  138  193  123   28   47   25  127   68   17  194  111   56  104   60   82
  185   54  140   79  181    0  146  198   91  114   45  114   19   60  186
    3  126   66   44   72  195  134   73  193  112  169   90  126   13   35
  172    7   53   50   27  106  138   64  148   40   26    0  158   69  194
   42   85   90  156   82   81  126  185   73   14  132    1  116   21   57
  110  177   43   30  192  186   77  130   32  118  160  189  143   65  118
  158  148   31   74  129  149   52  191  182   65   26  169   94  150   21
  157  104   93   35  110   86  145   51   20   56  156  150  154   18   53
  134  121  156  152  162   50   88   30  119  178  189  100  130  165  133
    3   11   35  110   86   49   49   52   65  120   74  105  122  181  181
  153   29  123   19  186   50    6  180  138  106   47  183  182   25   84
  136   73  182  154   79   80   41  146   32  196  191  180   55  176   74
   44   74    6  179  129   67   99   43   14   89  164   36   83  130  194
   18  144   33  112  120  120  158  167   32  140   81  196  164  134    5
   45   92    0    0    0
   37    0    0    0  180
    0   40    0   42    0
    0   58    0    2   95
   30   37  148   76  111
    9   19   34   30   75
  107  172  137   65   62
   79   38  130  175  185
   93  190  150  198   59
   49   38  183   69  102
  154  131  159  195  177
   56   54   13  195  149
  197   93  130   16   17
  154  170  180    8    2
   92  105  186   37   23
   34  149  106   68  175
   29  147  145  190  156
   86  117   93  135   43
  191  193   26   10   18
   20   75   28    6  182

  Bi   hi   su   su
           time cost
 PSIZE,CV,TBO,TSCAP,AVGCAP =      2    2    1    1    9
