   20   20
    1
 2664
 1.00 0.90  11.  75.
 1.00 0.90  14.  75.
 1.00 0.90  14.  50.
 1.00 1.00   5.  62.
 1.00 1.00  14.  62.
 1.00 1.00  17.  50.
 1.00 1.10   5.  50.
 1.00 1.20  17.  50.
 1.00 0.80   8.  75.
 1.00 0.90   8.  75.
 1.00 0.90  14.  37.
 1.00 1.10  11.  37.
 1.00 1.10  14.  25.
 1.00 1.10  14.  62.
 1.00 0.80  14.  37.
 1.00 1.10  14.  25.
 1.00 1.00  17.  25.
 1.00 1.20  11.  25.
 1.00 0.90  17.  37.
 1.00 0.80  11.  25.
   24    0   97   23    0    8   99   76    0    0  181    0  158    0  129
    0    0    0    0    0  166    0    0    0    0   34    0   71    0  105
    0   13   27    0  196  117    0    0   59  198    0    0   21    0    0
    0    0    0  138  175    0  147    0   33   21    0    0   66  164  107
  138  170  198  111   20   88  103    4  153  197   39   54  169   38  159
  140  147   57   35   98   22  199   89  197  118  167  137  197  154  170
  146  120   63   74   41   92  131   31  103   87  105  124  193  133  177
  181   46   19   95  152  123   38  199  156  160  114   22  178  173   18
  159  101  162  133   10  164    9   20   38   51  162   28  149  167  101
   97   37  196  145   23  149   10   39  143   33   24   40   28    0  150
   13  124  165   75   76  154  176  114  106  129  109  130  199  116   44
   22  167  119  199  198   98  149   84   45   33  197  181   14   25   27
   99  128  157    6   55   78  127  115  177    9  124    4   92   62   85
   44  106  180   95  172  130  123   97   11  138   61  126  145   46   93
   76   19   43   85   81    6   25   96  100  129   59   82  121   49  181
  145   84  176  136  128   80  178  178   44  128  109  139  141   33   39
   17   86  114   79   79   42   55  150  128  175    1   96  115  112   54
  162  123   59   33   65   89  101  183  151   56   96   28   44   11   65
   98   55  198  189  155   31   21   46   83   38    6   89   35  139   49
  159   43   65    0   12   75   99   83   11  148  108  182   92   40  146
  101  183    0  160   39
  164  116  108    0    0
  141    0  196    0    2
  159   69  188    0  105
  132  132  135   52    2
  179    6  195   12    9
  179  153  199   42   61
  108   30  171   69  196
  102   99   78   85   79
   20  198  105   92   17
   91  101  173   88   89
  134   87   75  153   82
  104  138   77   85   88
   92  108  100  140   22
  152  180   46  130   95
  137  198   61  177   24
  182  112  146  162  196
   88   96  168    2   53
  151  189  104  150   48
   39   42   98  157  125

  Bi   hi   su   su
           time cost
 PSIZE,CV,TBO,TSCAP,AVGCAP =      2    2    1    1    7
