   20   20
    1
 2664
 1.00 1.00  17.  25.
 1.00 1.20   5.  62.
 1.00 0.80  17.  25.
 1.00 0.90  11.  37.
 1.00 0.80  17.  62.
 1.00 1.10   8.  50.
 1.00 0.90  14.  62.
 1.00 1.10  11.  37.
 1.00 1.20   5.  75.
 1.00 1.00  17.  25.
 1.00 1.20  14.  25.
 1.00 1.20  11.  62.
 1.00 0.80   5.  50.
 1.00 0.80  11.  25.
 1.00 1.20  17.  50.
 1.00 0.90  11.  37.
 1.00 1.00  17.  25.
 1.00 1.00   5.  50.
 1.00 1.00   5.  75.
 1.00 1.10   8.  62.
    0   28    0    0    0   39   68   23   26  150  193   30    0    0    0
  119   40    0    0  103    0  135  149    0    0   83  175   37    0    0
   57   23    0  136  126    0    0  178    0    0    0    0    0    0  198
    0    0  168   32  132   38    0   84  113    0    0  148   86   59    0
    0  193   59  104   37  137   23    8   36  142   55  164  199  167   23
  182  138   88  150  163   73  176   18   86  115  182  139   99   96  187
   60  183   62   95  165  188  199  180   98   88  148   48  178  147   70
   50   35  158  155   65   25  165   84   21   93  124   81  112    8    8
  176   74   85  109   59   36   78  105  189   49  173  115   28    7  190
   69  185  103  173   81   48  176  133  114  126   37   75   74   41  195
   27   11   25   51   74  148   56  128  196   16  127  147  154  147  151
  115  176    2   93   88  186   58  155  124   17  174  197   79   57   44
    5   89   47   11   41  147   33   97   29  148  149    6   17   48  131
   48  133  102  161   18  198  122  188  118   35  126  171    0   14   81
    5  194   14   28   43    7   50   34  155  146   37  131  184   23   60
   50   40  191   85   35  167    5  175  114   14  131  191   62  142   20
  155  127  133  177  171  112   32  155  162   22  119   52   23   63  171
  123   29   49   29  130   53   39  160  126  192  107  149   15  174   19
  164   87   49  139  120  111   12   36  108   69  168    5   68  130    0
  144  167  138  102   28   98   88  146   41  150   54   95   36  105   53
   98    0    0    0   95
   70    0    0   54  136
  146  118   53   31  104
    0    0    6  142  121
  186   12   76  110  128
    8   42  174  180  184
   83  132  102  170  168
  172   76  125   19  173
  178   55  190  150  199
   96   66   41  147   38
   24  112  195  128  141
  152   34   68   61   60
   87   89  140  198   39
  114  120  106  180  192
  151   84   33   62   74
   52  131   55   46  177
  173  163  197  165   27
    6   59  104   34  122
   24  141  160  123  176
  128   23   76    8   78

  Bi   hi   su   su
           time cost
 PSIZE,CV,TBO,TSCAP,AVGCAP =      2    2    1    1    7
