   20   20
    1
 2709
 1.00 1.20  65.  50.
 1.00 0.80  32.  50.
 1.00 1.20  54.  75.
 1.00 1.00  65.  62.
 1.00 0.80  21.  25.
 1.00 1.20  65.  50.
 1.00 1.10  21.  75.
 1.00 0.90  65.  25.
 1.00 1.20  54.  25.
 1.00 1.20  43.  37.
 1.00 1.00  32.  75.
 1.00 1.10  32.  75.
 1.00 0.90  32.  25.
 1.00 0.90  65.  37.
 1.00 0.90  54.  62.
 1.00 0.80  65.  75.
 1.00 1.00  65.  37.
 1.00 1.00  43.  62.
 1.00 1.00  21.  75.
 1.00 1.00  32.  37.
    0  168  170   79  156    0    0  109    0    0    0   98    0   21    0
   68    0    0    0   20   18    0    0    0  101    0   83  188  115   18
  108    0    0    0  115    0    0  132  176   80    0   89  150    0  158
    0   50   87   31    0    0   41    0   28  148    0  156  171    0   26
   77  145  117   53  140   90  142  103    0   22  131  124  197  154   64
   38   72   47  144  165   26   21   89   97   66  136   50   80  184  112
  156  117   75   35   45  151   20   86   95  173   35  115  114   63   27
   40  189   82   31  169   45  107  179  180  140   23  186   12   75  103
   26  174  115  129  147  137  152  109  158   44  182    2   46   55  113
  150  134  113  110  158  145    9  162   10  143   93   39  134  189   31
  128  183   45  199   88   90  132   52   18   41   78   62   82   94  102
   54  178   94   80  133  134   34   97   29  144  130  137  173   23  142
   10   87  189  185    1   18   94  151   23    7   31  120  181  191   97
  186   53   23   57  133   15  189  102   45    3   11   42  149   39  113
   70   65   60  175   25  134  109  195  157   94  144   81  166    5  179
   70   74  181   35   52  199   21  131  130  132  149   24   25  131  100
  140  106  127  103   14   11  136   50  174  108   87  165   56   94   12
  142   31  123  193  138   10  125  199  155  157   98  159  142  181  133
  151  194   31  131   40   54  159  187  137  151  198   59   68   35  199
  128  154  185  156  170  165   35  166  198   44   77   23   62  158  113
   55  153    0    0    0
    0   28    0   25    0
  156    0    0    0  194
    0   66   39    0    0
  130  135   63  165  141
  138  118  108  108   85
  187  187  124  177  140
   99   69  138  142  144
  123  125   64   47  105
  165   29   31  127   13
   56   67   61  161  139
  171  173  171   41   63
  195   45    5   28  116
   72   48  145  164  109
  141  131  160   98   34
  162   39  119  103   75
  161  177  170    3  140
   71  194  129   53  151
  182  106   16   98  193
   32   42  164  121  135

  Bi   hi   su   su
           time cost
 PSIZE,CV,TBO,TSCAP,AVGCAP =      2    2    1    2    9
