   20   20
    1
 2709
 1.00 0.80  54.  62.
 1.00 1.10  32.  50.
 1.00 0.80  54.  50.
 1.00 1.20  32.  75.
 1.00 1.20  32.  75.
 1.00 0.90  43.  37.
 1.00 0.90  65.  50.
 1.00 0.90  32.  25.
 1.00 0.80  43.  75.
 1.00 0.80  65.  75.
 1.00 0.90  32.  37.
 1.00 0.80  43.  62.
 1.00 0.90  32.  62.
 1.00 1.20  54.  37.
 1.00 0.80  43.  75.
 1.00 0.90  43.  75.
 1.00 0.90  32.  75.
 1.00 1.00  21.  25.
 1.00 1.20  65.  37.
 1.00 1.10  43.  50.
    0    0    0  151    0  105    0  112   34   66   53   19    0    0    0
    0    0    0    0   95  195   59    0  130   66    0    0   60    6   95
    0    0   75  160  113    0   99    0   99   66  149    0    0    0    0
    0   90    0  169    0  112  122    0    0    0  132   65   99    0    0
   69   57   24   28  146  150   30  155  176  109   74  190   90   68   99
    9  185  132   38   37   75   79  174   61  157  114  148  152  127   56
   14  114  102    6  170   75   36  153  113  171   89    5  160   36  114
  140   94  169  122  103   51  135   84   46  141  163   36   91  176  182
  173  107   91  191  169   94  151  126  155    7  180  127  148   57  131
   82   89  175  190  134   10  153  155    2  149  196   60  187   87  171
   14  131  196  193  189   86   58  199  169   37   54  194  176  114  105
   55  197  185  138  165  176  125  170  194  190   92   73  116   87  106
  153   52   62  102    2  143  168   51   43  196   91   32  107   96  129
    2   82   31  170   54  146  113   26  108  157  152  157  121   92  194
  194  176  114    2   54  109  110   83  131  197   95   45  159   68   75
   48   44   31  183  126  122  120   47   80   13   81  122   65   72    9
  106  103   71   17  167  165  157   25  168   98   79   98   43  122   83
   88   62    5   73  156  110  131  198  103   81  170  128   26   91   66
  192  166  170  192  177   30  156  184  137   72  168   82  191  137  118
   88  148  151   16  163  151    7  108  124  172   12  186  109  105  156
   11    3    0    0    0
    0    0    0  110  119
  114    0    0    0    0
   32   29   83    0   58
   35  162  177  156   30
   84  159   40   47  116
  102  105    9  165   30
  178  114  186   68  179
    8   63  101  185   62
  191  166  178  130  180
   17  114   76  157   98
  128  105  118   57  159
  184   44   86   73   59
  175    8  129   37   54
    4  161   46  169  112
  119  169   32   23   53
  143  160    9   51   25
   16   97  190   17  172
  117  156   81   73   98
  170   64    7   59   90

  Bi   hi   su   su
           time cost
 PSIZE,CV,TBO,TSCAP,AVGCAP =      2    2    1    2    9
