   20   20
    1
 2103
 1.00 1.00  11.  62.
 1.00 0.80  14.  62.
 1.00 0.80  17.  50.
 1.00 1.20  14.  37.
 1.00 0.80  17.  50.
 1.00 1.10  17.  25.
 1.00 1.10  11.  50.
 1.00 1.00   8.  75.
 1.00 1.20   5.  75.
 1.00 1.20   8.  62.
 1.00 1.20  17.  25.
 1.00 0.90   5.  50.
 1.00 1.00  11.  75.
 1.00 1.00   5.  37.
 1.00 0.90   5.  37.
 1.00 1.10  14.  50.
 1.00 0.90  11.  37.
 1.00 0.90  11.  50.
 1.00 1.20  17.  25.
 1.00 0.90  14.  50.
   16    0    0    0   44    0    0    0    0    0  166  137    0  199    0
    0  180  172  198  195   90    0    0    0    0    0  169    0   98    0
    0    0   68   87    0    0    0   85  149    0  166   68    0  157    6
  168   63    0   91  195    0    0    0    0    0   61   46    0   55   19
   33    2  115    7   84  195   36   57   11  154  147  149  117   28   88
  121  186  116   38   61   18  161  118   42   66   13   85  147  173   48
  125  124  142   47  116   15   16  163  147  183    5   56   91  192   73
   85  130   77   43   81   58  139   40  194  108  138  150   88   56  176
  179  185  175   71   78  190  161  161   73  197  131   46  189   25   29
   82    6  120    4   21   90  103  188   61   55  182  106  114   28  112
   25    3  192   32  149  127  183  148   41  135  170  126  116   89   16
  138  190    3  195   43   97  139  135  102  148   44   58  149   91  186
   76  184  143  107   13  174   40   34   45  160   70   84  133  106   80
  132   31  199   11   71   89  157   99  162   48  172  107   97   31   57
  126   31  139   85  122   29  159   15  195  131  162    5   13   29   58
    8  167   48   32  156  172  173   64  184   32   14  192  127  157    9
  133    2  112  194  125  130   73   26  110  164   78   96  141   49  139
   80    2  115    7  183  141  199  134   44   59  159  140   79   84  165
  175  188  118   37   34   72   86   29  127   37   67   40  133  170  136
   77    1   32  177   82  127  178  127   63   25  179  159  129   13   10
    0   58  150    0    0
    0    0    0    0   68
    0   34    0  161  141
    0    0   89    0    0
   29  111  146  173   53
  188    0   85   69   40
  158   20   30    0  125
   64  161  107   77  120
  147  148  109   92   86
  166  170   85   91  166
  133  179  190  199  169
  134  141  171  183   25
   44  163   96  109  172
   61   48  140  137  101
   78  110  118   19   31
   76  136  176   46   59
  118  111   20   88   98
  176   30  158  193   77
  168    3   62  138    2
  145  103   79  163  199

  Bi   hi   su   su
           time cost
 PSIZE,CV,TBO,TSCAP,AVGCAP =      2    2    1    1    9
