   20   20
    1
 1998
 1.00 1.20  17. 200.
 1.00 0.80  17. 200.
 1.00 1.00  17. 100.
 1.00 1.00   5. 150.
 1.00 0.80   5. 250.
 1.00 1.10   5. 150.
 1.00 1.20  17. 300.
 1.00 0.80  11. 300.
 1.00 0.80   8. 300.
 1.00 1.10   5. 150.
 1.00 1.10   8. 200.
 1.00 1.20  17. 100.
 1.00 1.10   8. 250.
 1.00 0.90   5. 150.
 1.00 1.10  17. 150.
 1.00 1.10  14. 300.
 1.00 1.00   5. 300.
 1.00 1.20  14. 250.
 1.00 0.80  11. 100.
 1.00 0.90  11. 200.
    0    0   32   18    0    0    0   32    0  133    0  163  153  112    0
    0  174  191    0    0  155    0  115    0    0    0    0   37    0   81
    0    0  163  117    0    0    0    0    0    0  159  197    0    0   75
  122    0  119  144    0   16    0    0    0    0   26    0  160    0  186
   74  195   17  138    3   80   11  162  191   30  146  133  137   50  173
   12  198  175  175  147   99  140  124   31   54   47  192   33  159  176
   71  156  126  116  194  197  125  110   70  158   38   47  135  118  129
  178  117   10  181  106  120  165  105  139  174  113   14   38  100    9
  193   11   13  183   86  196  132   53   26   81    6  130   59   75   79
  175   11  151  127   63  123  109  177  156  129   39   66   40   46  111
  127   22   77   22   53  112  139   24    5    8    3  146  174   61  161
   46  175  143  170   64  108   13   63   62    2   56  117  138  176  134
  169  190   78    5   44   15   94  178  172    7   55   61   68   25  140
  180   51  152  175   21   15   95  186    5   38  180   44  109    6   14
  191  101   21  169  137   85   35   73   83    9   24   66  177  174   30
  127   67  115   29   11    0   98  134  102   56   73   91  150   46   46
   22  159   74  113   68   22  119   58  154  123   23   16   84  119  124
  130  167  144   39  153   90  145  122   77  110   24  120   41   46  105
   84  177   47  149  198   69  191   30  144  122  193   41    0   31  184
   74  109  148   91   92  121   71   82   21  106  196   81  170   27   86
    0    0    0    0   37
    0  181  156   99  174
    0    0    0  173    0
  161    0    0    0   68
  100   47  133  106  183
  174  135  133   17    4
  129   37   53  186  141
  103   80  169  124  113
  172  150  134  113  114
  195   40   75   51  144
  133   22  137  152  107
  113   19  161  112  111
  146   50    2  162   72
   30   52   41  173  180
   76  144  122   88   71
   61  148   69   66   76
  185   87  192  102   16
  161  195  165  144  157
  125  112   74  164  146
   29  125   28  130   59

  Bi   hi   su   su
           time cost
 PSIZE,CV,TBO,TSCAP,AVGCAP =      2    2    2    1    9
