   20   20
    1
 2302
 1.00 1.10  54. 200.
 1.00 1.20  32. 300.
 1.00 1.20  21. 150.
 1.00 1.20  54. 300.
 1.00 1.20  21. 200.
 1.00 1.10  21. 200.
 1.00 1.10  43. 100.
 1.00 1.20  21. 200.
 1.00 1.00  32. 200.
 1.00 1.20  65. 200.
 1.00 1.00  54. 250.
 1.00 0.90  43. 200.
 1.00 1.20  32. 300.
 1.00 1.10  32. 300.
 1.00 0.80  54. 100.
 1.00 1.10  65. 250.
 1.00 1.20  32. 100.
 1.00 0.80  43. 200.
 1.00 1.20  32. 300.
 1.00 0.80  21. 100.
    0    0  166   71   45    0   22    0   25    0    0    0    0    0    0
    0    0  186    0    0  130    0  124    0    0    0  165    0   71  115
    0    0    0    0    0    0    0    0    0   41   31   21    0   52  150
    0    9    0  140  115    0    0    0  156  146    0    0    0  199  107
   22   25  149  194  152  178   37  182   66  103   64  115   53  151  152
  172  184  117   64  105    1  120   49   89   46  112  196   36  143   65
   27   99   95   78   21   36   26   30  139   98  192   24   97  118   21
   43   62  186   62  171  182   18  141    9   96   43  138  170  100   73
   30   71  122   37  107   53  114  146   43   64  193   87  131  164  116
  168   66  137  159   43   66    2   19   94  144  182   19   51  131   60
  109   93  195  173   83   58  128  179   18   68    8   40  163  134   17
  181    9  193  175  118  136  156  138   90  157  190  165   77  186   44
  142  121    0  191   48  151  196   43  189   49   75  166   49   51   58
  106  161   87  169   77   57  162  177   58  120  137  147  183    1  131
   33   22   30  179  115  187   65   89  101  191  190  112   85  129   71
  178   42  117   64    5   52   61   99  196   29    3  159   44  175  160
  120  102  161  117   36   37   99   10  116  144  119   73    9  106  100
  125  167   76   70  109   75  194    0  148    8   37  150   86  149  172
   25   87   49   45   24  138  143   50   26  109  157   47    3  193   38
  178   87  145   41   57  173   35  111   93  176   74  184   55   45  172
  130    0    0    0   69
    0    0    0    0    0
  153    0  197    0   51
  193   56    0    0    0
    1   63  171  170  155
   14   98   14   47  155
  139  174   13  171   21
  149  169  115   62  107
   11   93    8  153  167
  174   14  179   61  121
  196  119   80  152  132
   66    0    4   24  101
   91  176   82  133  110
  115   43   99  153  197
  121   31   74  130   59
   68  173   42  153   62
   57  191  134    0   96
  129  116   70  113  195
  178   34  165  199  159
  141   83    0  175  161

  Bi   hi   su   su
           time cost
 PSIZE,CV,TBO,TSCAP,AVGCAP =      2    2    2    2    9
