   20   20
    1
 2532
 1.00 0.90  17. 150.
 1.00 0.80  14. 200.
 1.00 1.10  11. 100.
 1.00 1.00  17. 100.
 1.00 0.90   8. 300.
 1.00 1.20  17. 200.
 1.00 1.10   8. 300.
 1.00 1.00   5. 200.
 1.00 1.10  14. 100.
 1.00 1.10  14. 100.
 1.00 0.80   8. 300.
 1.00 1.00   5. 300.
 1.00 1.20   8. 200.
 1.00 1.20   5. 150.
 1.00 1.20   8. 300.
 1.00 1.20  11. 200.
 1.00 0.90   8. 150.
 1.00 1.20   8. 250.
 1.00 0.90   5. 100.
 1.00 1.10  11. 100.
   54  113  129  165    0    0   45  117    0  153    0   57   49  178    0
    0   98   29    0    0    0    0   18    0   79    0    0    0   18  170
    0    0   21  152   49  149    0  161    0    0  154   41   88    0    0
  198    0   18    0    0  140    0    0    0    0   40  160    0   60    0
  126  194   21   67  182   92  145    0   15   86  137  110  172   23  143
   95  181   79   74  114  168   67  107   85  167   79   79  141  187  164
  153   41  198  116  152   67   25   43   35   21    6   47   21  104  183
  192   15  149   79  117   47    6   12   16  186   79  136  151  110  174
   45   90   88  106  121  167   13   22   11   67   65   86   82    4  108
  108  128   94  151   30  142  111  143   52  143  114   51   55   66   67
  186  141   80  184  107   12   64   74   33   39  137  196  152  163  155
  148  197   69  104  149  141  159  112  123  135  120   44   60  166  170
   16   92  159  186   29   78  166   26    9   22   48   88   54   63   90
   79    0  108  193  146  158   69  195  151   67   36   11  146  100   51
  177   81  119  148  115   24  181  178  120   22   26  162   53  101   73
   13  107   69  171  122  193  140   26    0  167  116   85   93   74    8
   38   97  188  102   55   60   63   39   64   31    3  142  148   48  178
   16   69   36  199  169  134   69  169   13    7  124   16  169  181  125
   53  159  197   90  118  171  154   61  109   51   84    5   96   82   25
   70  129   84  193   26   10   21   33    5  131   75   29    8  186  148
    0    0   93    0   71
    0   63   95  157  151
  182    0   76  141    0
  145    0    0    0   55
  180   15  142   41   86
    3  182  177    5    0
   24  167  102    8   85
  125  186   81   50   91
  155   37  160  144   89
  172   40   48  124   53
  125  125   50  164   46
  183  132  153   52  160
  122  198   71  104  138
  154  189  185  194   79
   40  193  102  111   41
  194  193    9  106   97
  144   60  175   21  110
  127   58   98   13  141
  137  123   48  165   74
   19    1   32  179   95

  Bi   hi   su   su
           time cost
 PSIZE,CV,TBO,TSCAP,AVGCAP =      2    2    2    1    7
