   20   20
    1
 2532
 1.00 1.20   5. 100.
 1.00 1.20  14. 150.
 1.00 1.20  17. 200.
 1.00 1.20  14. 100.
 1.00 0.80  17. 250.
 1.00 1.10  14. 300.
 1.00 0.80  17. 200.
 1.00 0.90  14. 150.
 1.00 0.80  11. 250.
 1.00 1.10   5. 250.
 1.00 0.90  11. 200.
 1.00 0.80  11. 100.
 1.00 1.20  14. 100.
 1.00 1.10   8. 200.
 1.00 1.20  14. 150.
 1.00 1.00   8. 300.
 1.00 1.10  11. 100.
 1.00 0.80   5. 150.
 1.00 1.20  11. 250.
 1.00 0.80   8. 100.
    0    0    0  199  120    0   62    0    0    0    0   94  108  189   27
  138  183    0   86    0   35  103   48  113    0  192    0    0  152  106
  146   31   87  196    0  124  131    0   65    0    0    0   83  119    0
   92    0  118    0    0    0    0    0    0  143    0    0   77   25   70
  101  180   29   19   55  156  166  136  105  155  162   28   49   42   12
   18  160  116   38   53  179  102   17  137  199  162  199  174  166    6
   26   74  175  101  147  145  195   84   99  114   83  199   70   87   54
  114  188  181  182   46  108  179  174   14   73   76   68    0  189   41
  188  146   92    5   43    9   66  111   15  157  128   25   91   75  129
  151  145   67   78   27   75  169   64  113   42    4   47   44   36   21
   20  154   61  108   48   72  163  159  150   30  149  151  111  180  155
   20  116   56  163  190   19   88  113   62   23  182  188   65  184   23
  159   76   28  194   14  127  168   70  121   36   10  133   43  160   90
   74  125   27  125   45   32  180  105  122   86  154    1   47   68  154
  154    3   60  134  196   68    2    3    0  169  126  128  154  187   72
   49   39  191   94   83   51  186  160   79  136   51  185  155  164   40
   85   11   29   75  150  159   47  187    0   98  138  124   46   46   61
  145   56  147  101  152  173   13   76  101  185   54   39  146   48   94
  117  191   69   51   84    2  181  175    7  126   28  124   27   31  142
  145   93   24   40   24  186    4   22   96  131  195  194    1   48   77
  149  173    0    0    0
   40  142   20  156    0
    0    0    8    0  114
  161    0    0    0  183
   91  195  189   74   86
   87   27  108  145  184
   67   83   55  104   71
   29    3  150  197  158
  145  131   31    4  144
    3   26  124   48  156
  100   84   11   33   94
   56  121  162  182  186
   93   40   38   68   31
   32   41  151   59  126
   97  190   17   74   50
  108   30  165   35   74
  145   48  102  126  125
   80  136  149   95    6
   98  174   17  199  134
  192  176  125   62   39

  Bi   hi   su   su
           time cost
 PSIZE,CV,TBO,TSCAP,AVGCAP =      2    2    2    1    7
