   20   20
    1
 2532
 1.00 1.20  17. 200.
 1.00 0.80   8. 250.
 1.00 1.00   8. 200.
 1.00 0.80   8. 250.
 1.00 1.00  17. 200.
 1.00 1.10  17. 100.
 1.00 1.20  17. 200.
 1.00 0.80  11. 200.
 1.00 1.10   8. 100.
 1.00 0.90  11. 250.
 1.00 0.80  14. 150.
 1.00 0.80  14. 100.
 1.00 1.00   5. 300.
 1.00 1.00   5. 300.
 1.00 0.80   8. 250.
 1.00 0.80   5. 250.
 1.00 1.10   5. 300.
 1.00 0.90  11. 100.
 1.00 1.20  14. 300.
 1.00 1.00   5. 150.
  192    0    7    0    0   47    0   87    0    0    0  182    0  114   86
    0    0   65   20    0  149   23   21    0   43  191   61  131  173    0
  155    0    0    0  138   35    0    0  191    0   98    0    0  119  104
   33  126  193    0    0    0    0    0    0    0  197    0  137    0   77
  138   16   57    1   90   83   78    7  155  186  157   68  197  173   70
   71  142  148  146   90   99  169   89  115  168   57   85  149   82   28
  115   77   59   73   67   22   27  164   62   37   63   44   94  121  159
    2  142  161  119   49   96   87  159  118   54  141   87   17  148   56
  183  119  177   80  112  118  107  104  166   32   46  191   29  144  127
  160   49   94   77  114   47   28  138  108   56   27   58  104   46  191
  108  184    1   22  127   95  170  116  164  130  182  125  124   41   13
  141  122   12  157  148   37   14  144   68  191   38   89  149   51   84
  121   98  127  166   54  184  118   72  105   41  152   68  130  108   17
  174   36  114  100   91   49  109  159  158   71  103   38   49  153  197
   42  104  187  146  102  165   40  101  190   89   63  110   38    1   63
  175    2  100  129   56   65   85   83   15  165  168  191  183   78   51
  115   75  149  155   37   56    3  111  181   58   91  175   75   99  180
  101   36  159  143  196  100  180   38  177   30   51   29  118  181  110
   30   30  108  121   59  143   50  127   50  145  144   99  164   59   24
   91  111  127  164   51  170   77   49   12   32   78  140  185   67  180
  119  108    2   98  120
    0   27    0   55    0
    0  183    0    0    0
  196    0    0    0   60
   89   63  111   35  180
  154  195  114  167   62
   69  184  195  188   76
   29   66  128  112   54
  120    1   11   51    3
   33   69   78  111   23
  108   76  106  108  100
    5  198   41   61  196
   87  125   31  146  122
  136  171   19  127  127
  171  172   59   66   62
  121    3  107  165  101
  149  166  199  146  109
  147  182  195  105  113
   15   70   44   41   43
  184  161    2    8   22

  Bi   hi   su   su
           time cost
 PSIZE,CV,TBO,TSCAP,AVGCAP =      2    2    2    1    7
