   20   20
    1
 2234
 1.00 1.00  14. 200.
 1.00 1.00   5. 200.
 1.00 1.10  11. 250.
 1.00 1.20  14. 150.
 1.00 1.10  11. 300.
 1.00 1.00  17. 150.
 1.00 1.20  17. 250.
 1.00 1.20   8. 300.
 1.00 0.80   5. 150.
 1.00 0.90  14. 300.
 1.00 1.00   5. 200.
 1.00 1.10   8. 250.
 1.00 1.20  11. 150.
 1.00 1.10  14. 300.
 1.00 1.00  14. 100.
 1.00 0.90   8. 200.
 1.00 1.10   8. 300.
 1.00 1.00  14. 150.
 1.00 1.00   5. 200.
 1.00 0.80   8. 150.
    0    0    0    0  197    0  161    0    0    0    0    0  183    0    0
    0    0  181   57    0    0   77    0   48  129   76   44    0   76    0
    0   95  129    0   55   13    0   73   54  172   60    0   38    0    0
   84    0    0   32    0   79    0    0   11  163    0   86    0   54   74
   29  140  106  134   40  132  163    6   12   21   11   78  127  113   66
  142  106   21  128  114  165  148  174   46   71  176   29  156  195  103
    1   36    3   97  101   30  118  178  192  116  102   85    4   86   33
   72    8  106  106  188   39   23  179  177   33   68   74  194    8  197
  149  133  109   99  126  154  197  131   39  148   64   68  198   78   43
  192    1  167  102   10  190  155   26  190   14  154  121   10  153  143
  138  115   93   46  179  169  180   27  108  147   98  138   20   85   79
   91  187  141  176  109  175   44   48   90   63   97  167  189  187    7
   76   60   87  139    7    0  132  125  193  123   31  159  197  187   53
  179  184   69  197   63   97  165   79   92  114  137   96  196   59   82
  140  160   26  155   14   25   18   85   99  104  133  146  106  186   26
   17   26  199   60   69   33  183  105  106   95   26  143  152  163   57
   20    8   67   97  125  163  152  116  197  110   24  119   32    2  117
  145  195   83   92   83   67  144   90  109  124  164   76   82   82  133
   90   87  197   32  115  140    6  187  169  128  131   62   89  130   43
   51  175  107   71   88   50  139  119    6  143  133   57  145   76  133
  165    0    0    0    0
   47    5    8    0  144
  104    0   14    0    0
  118   98   49   56    0
   44   70  189   13  156
  100   74  156  108   19
  152  135  102   50  132
    5   50   54   76  132
   73   11  116  135   74
   40   69   15  172    5
    0  106  179   87  135
   38  161  142   70   17
  111  136  112  198   44
  119   39  139    7    1
  164   66  161   90   90
   18  193   98  193  121
   28   87   28  111  160
   15   86  138   13  148
   86   83   10   31   97
   59  151  100  117  196

  Bi   hi   su   su
           time cost
 PSIZE,CV,TBO,TSCAP,AVGCAP =      2    2    2    1    8
