   20   20
    1
 2234
 1.00 0.80  17. 150.
 1.00 1.00   5. 150.
 1.00 0.90   8. 250.
 1.00 0.80  11. 200.
 1.00 0.90   5. 300.
 1.00 1.20  17. 250.
 1.00 1.20   8. 250.
 1.00 0.80  14. 100.
 1.00 0.80   8. 150.
 1.00 1.20   5. 150.
 1.00 1.00   5. 150.
 1.00 0.80  11. 300.
 1.00 1.10  17. 100.
 1.00 0.90   8. 300.
 1.00 1.00   8. 300.
 1.00 1.10   5. 250.
 1.00 0.90   8. 100.
 1.00 1.20  14. 250.
 1.00 0.90  11. 100.
 1.00 0.90   5. 300.
   33    5    0    0    0    1  113    0   27   47   39    6   84    4  196
    0    0    0  123    0    0    0  185  107  198    0  179    0    0    0
    0    0   18    0    0   70   41    0    0    0    0  154    0    0   38
   53    0    0  115  150  159    0    0    0    0   77  185   40   49    0
  106  161  193  152  187  185  117   52   38  155  112  148   74   94   59
   35    2   95  108   78  118  161  198   82   64   71    8   21   45   84
   18  169  165  141  137  194  138  102   24  178  161   50  188  185  105
  126   58  198  168  137   93  177  180   56   88  178  119   16    3   68
   25  175  130  104   92   26   65  155   68  109   90   76   43  186   34
  107  115   26  196   43  181   13  115  114   66   39   40   83   95  194
   84   27   30  133   62   72   41   99  177   29   44    6   36  157  139
   24   13   55   13  184   92   20   29  197   21  142  195    6   71  131
  173   85   70  143  160    9   52   28   96   80   15   90  160  199   94
   77  119  181   98  183  168  147  148  113    6   90   37  147   73    0
  127  131  163   15   67   30  175   87   69   21  108    5  117  198   10
   12  152  126   52  166   44   20  126  104  131   36  130  191  176  135
  160  123  176   39   15  140   28  120    7   40  173  189  140   52   61
  132   80   52    9  181  112  158   31  196  197  115  152   72   53  180
   63  164  134  108  183   96  155   32   26   70  150  195  147  145   91
   21  162  104   55   46  183  187   59  150   87  151  180   58   95  197
   35    0  131    0    0
  148   26    0    0  160
   30    0    0   81    0
    0  192  183  165    0
   52  176  101  134   81
   54   92   17  112   60
   90    4  148  180  178
  148  102  152   70   42
  102   59   87  143   30
  157  107    9  147  125
   86  129   57   78  111
  189   54  104   89    7
   25   43   30  193  187
   52  111  144  153   63
  171   49  116  192   82
   20    3   38    1   62
   94  167   14   25   27
  110  152  110   68   46
  111   28  134   84  155
  166   36   69   51   85

  Bi   hi   su   su
           time cost
 PSIZE,CV,TBO,TSCAP,AVGCAP =      2    2    2    1    8
