   20   20
    1
 2234
 1.00 0.80  17. 250.
 1.00 0.90  11. 250.
 1.00 1.00  17. 100.
 1.00 1.10  11. 150.
 1.00 0.90  17. 200.
 1.00 0.80   8. 150.
 1.00 1.00   8. 100.
 1.00 1.20  11. 150.
 1.00 1.10   5. 150.
 1.00 0.80   8. 250.
 1.00 0.90  14. 300.
 1.00 1.10   5. 150.
 1.00 0.90  17. 100.
 1.00 1.00  11. 300.
 1.00 0.80  11. 250.
 1.00 1.10  17. 250.
 1.00 0.90  11. 100.
 1.00 1.20  11. 300.
 1.00 1.00  11. 250.
 1.00 1.20   5. 150.
  182    0   44    0   12   58   40    0   81    0    0   39  152   85    0
   27   37  177    0    0    0    0    0  155    0  184    0   99   44   23
  125    0    0    0  129  143  113  153  190   96  102    0    0    0    2
   92    0  117   77   44   90    0    0    0   33  125  191    0  185    0
   21   65  196   89   22  159   78  135   53  105   97  149  189  120   43
   88  120   98   39   97  178  151   90  165   26   17   71   32   60   70
    3  160   47   82   27  147  159  172   50  109  142  167   48   37  183
   39  194  112   59  118  112  130  177  195   44  100  151  179   53  173
    6  199   32  103   74  132  168   35   52  192  185  174   70   78  101
  182   27   94   77  117   60   81  107   79   30  183  140  193   11  115
   44  159   77  131  137   73   73   48  143  151  155  120  198   88  193
   13   30   58   80  115  130  152   55   95   22   15   94  178   74   75
   12   66   56  134   36  109   71  172  115  137   93  181   97   72  169
  106  184   16   13  132    3   27  132   81   59  142   49  128   65   24
   51   21   62  179   27  117  196  196  106  115  136   82  129  189  173
   26   75  181   32   28   82  194   50  143  134   59  153  105   28   79
   89   71  120  129  103  100  174    8  143  110  128   80   76  117  174
  180  149   72   75  170  172  168  133  170   40  160  118  149  131  103
  116   57   70   76   89   15   24    8   26   84   22  198   93  126  193
  149  159  153   46   28  154  190   89   65  122   83  137  132   95  129
   34    0    0    0  150
    0    0    0    0   54
    0  150    0    9  105
  196    0   10   39    0
   57  147   95  119  142
   41   25  173  127  101
   74   30   25   78    4
   73  101   10    1  112
  166  154  101    0  143
  133   68   76  103   94
  104  121   87  170  180
   53   54   46  190   23
   87  108   45  154   44
  160   61   61   16  145
  132   26  164   62  144
  176   78    4  141  136
   78   19   28  197   26
   86   97   86   45   20
  114  178  123  141   51
  197   15  108   58  135

  Bi   hi   su   su
           time cost
 PSIZE,CV,TBO,TSCAP,AVGCAP =      2    2    2    1    8
