   20   20
    1
 2916
 1.00 1.00  65. 300.
 1.00 1.00  21. 100.
 1.00 0.80  32. 250.
 1.00 1.00  54. 300.
 1.00 1.00  21. 150.
 1.00 1.00  32. 300.
 1.00 0.80  21. 300.
 1.00 1.00  21. 200.
 1.00 0.80  65. 100.
 1.00 1.20  43. 100.
 1.00 1.10  54. 150.
 1.00 1.20  65. 200.
 1.00 1.10  54. 100.
 1.00 0.90  32. 250.
 1.00 0.90  21. 100.
 1.00 1.10  65. 150.
 1.00 1.10  54. 150.
 1.00 0.90  54. 250.
 1.00 1.00  21. 300.
 1.00 1.20  21. 250.
    0   98  127    0    0   47   33  170   38    0    0  199    0    0    0
    0    0   39    0  106    0    0   61    0   68   52    3  142    0    0
   75   84  199   63   87  108  138  148    0   52  192    0    2  187   12
    0   48  182    0    0  138    0  188    0   26    0    0    0    0    0
  110  181  171   78  150   38   98  197  150  144  165  126   54  183  116
   31   91   21  143  193   90  144  117   65    9   68   90  186   46   84
  142    0  137  147  181  191  193  127  150  176  137   36   82  128   89
   22  193   66  112   18   66   31  195  187   68  168   15   28   30  123
  184  113   37  175   24  134  115   27  198   46   92   86   82  106  165
  191  199   63  183   43   82   59   41  109   28  151  173  115   38  162
   62    3   55   99   48  146  170  137   81  115   21  162  102   46  110
   18  130  156  179   16   53  168   44    8   46    3    3  192   25  109
   82   21  109   12  152  125   45  135  133   18  107   23  135  137   38
  149   13  165  182  168   55  166   19   69    4    7    1  143  172   74
  157   15   13  144   69   97   14   58   17  181   40  178   16  162  140
   93    0  103  167  144   38   44  123   80   12  174   43   54  131   34
   22   27  158   25   63  154   79  178  186   85   73   62   26  194   31
  124   17   77   63  100  182   48  127   60  110   59  127  169   76   48
   59   92  174  165  197  148  131  112   26  121   27  150  180   66  140
    9  158  185  131  134  152  132   87   84   12  138   49   57   97   20
  115  115    0    0    0
  120    0    0   22  123
   66    0    0  165    0
  128   92  146    0  190
   63  106    8   55   55
   42  123   91  179  197
  126  126  146   59   59
    8  121  192  146  160
  114  186  165  110  166
  147   88   80  179  183
  184   87   98  182   64
  176   47  163   67   47
    0   56  135   32   80
   15  131  186   37  126
  159   20   29  186  161
   23   29  169   63  107
  131   41  164  130  181
   12   44  148   20    7
  177  120   34    5  119
   91  120  174   56  131

  Bi   hi   su   su
           time cost
 PSIZE,CV,TBO,TSCAP,AVGCAP =      2    2    2    2    7
