   20   20
    1
 2916
 1.00 0.80  32. 100.
 1.00 1.10  32. 200.
 1.00 1.00  32. 300.
 1.00 0.80  43. 150.
 1.00 1.00  65. 300.
 1.00 1.20  65. 250.
 1.00 1.10  43. 100.
 1.00 0.90  43. 200.
 1.00 0.80  32. 250.
 1.00 1.20  43. 300.
 1.00 0.80  21. 200.
 1.00 1.20  21. 150.
 1.00 1.00  65. 300.
 1.00 0.90  21. 250.
 1.00 1.00  43. 300.
 1.00 1.00  21. 100.
 1.00 0.90  43. 200.
 1.00 1.00  21. 200.
 1.00 1.10  65. 150.
 1.00 1.20  43. 100.
  132   22    0  181    0   46  170    0    0    0   38  130    0    0    0
   68    3    0  177    0   57  172   32    2    0    0    0   12  124    0
   32    0  109   80   22    0    0   97  131   88    4   65  145    0  198
    0    0   64    0   94    5    0   28  143  135  170   18   34   44  153
   43  189   51   89   26  192   16   58  199  173  156   58  176   43   38
  144  144  110   23    9   47  196   57   70   66  169  135  173   33    4
  155   76   55   64   81   72  185   78  136   66   72    0  156   56   67
   14   58   15  166  177  132  196   84  192  122  129   98  169  191  181
  137  101  124   23  104  169  143  120  186   19  117   73   21  181    4
  133  150  125   59  112   89  143   20   47   99  117  198   13   91  182
   61  156  106   15  192  119   13  181   75   60  191  109   71   70  151
  137  141   46   15   79   96   32   76  122    0  188   28  157   12  193
   73    5  179  137  112  187   87   73   45   25  144  161  105  172   56
   18  161  119  144  199  112   25  107  160  178  174  122   65  174  170
  183   54   50   14   30   55   56   40  131  158   85  175   29   57   81
  152   58    3   97   98   15   51  170   73   28  120    5   28  121    7
  169  112  148  174   44   58  156  130   44   87   84  108  158  157  181
   90  188  157  148  139   51  167   51   56   73   93  166  112   74  162
  180  176   16   79   87  186  165   15  146   70  186  198  197   91  124
    2   30  164   25  124   51   75  154  179  130   73  121  121  154   41
    0  131  112   34    0
    0    0    0    0   53
    0    0   84   57  109
    0    0    0    0  116
   44  114   33  141   73
  120   29  167   58  196
   65   83   70  166   84
   60    1   67  151   28
   61  132  168   37  158
  115  165   42   14  108
  199  162   99  125   46
  147   61  160  131  120
   48  180  156  107  113
   27   90   50  122   17
  125  180   52   60   91
   39  164  152  107   46
  116  177  105   47   94
  136  134  116   32  122
  101   21   65    5   42
   89  118   76  135   66

  Bi   hi   su   su
           time cost
 PSIZE,CV,TBO,TSCAP,AVGCAP =      2    2    2    2    7
