   20   20
    1
 2572
 1.00 0.80  65. 200.
 1.00 1.10  65. 200.
 1.00 1.10  21. 200.
 1.00 1.20  21. 250.
 1.00 1.10  21. 150.
 1.00 1.10  21. 150.
 1.00 0.90  54. 150.
 1.00 1.20  21. 100.
 1.00 1.10  43. 300.
 1.00 0.90  54. 250.
 1.00 1.00  54. 150.
 1.00 0.90  54. 200.
 1.00 1.10  65. 150.
 1.00 0.80  21. 100.
 1.00 1.20  54. 200.
 1.00 1.20  43. 300.
 1.00 1.20  65. 100.
 1.00 0.90  65. 200.
 1.00 1.20  54. 250.
 1.00 0.90  21. 300.
   14    0    0   83   47    0  130    0   30    0    0    0    0  130   66
  183   53    0  163    0    0   81    0  183    0    0  143    0    7  118
    1  194   56   84    0    0  193    8    0  128    0    0    0   96  190
   31    0    0    0    0    0  183  146    0    0  151    0   73   87   31
  110   44   36   19  186   53  123  197  156   79   64   89  114  158  113
  130  169   50  135   90   83   74   89   28  103  111   38   91  161    1
  189   54  105   94   28  163   37  198  157   78  152   44   27  164   51
  137  135  113    2  169  107   16  194  122  118  131  130   33  124  184
   76   64   12   93    3  123   45   47   70  164   75  178   20   81   62
  188   67  152  135  199   81   50   92   56   46  170  120   88   80   80
   64   78   48  103  131   48    1  172  136  154   25  194   41   93  133
   94   67   61   65   39   50  143  135  168  107  128    2  152   15   47
   14  175   35   95    5   16   42  111   29  140  106  132   27   70  138
   98   48  153    6  189  179  167  178  122   36    2   83   37    1   70
   10   69   84  143  154   75   53  154  169   70   16  171  195   93   44
  142   57   71   79   98   43   23  149    7   26   91   64  104  191  170
  121  152   30   39  164  142   55   60   65   45   84   53  185  139   76
  123   64   61  186   71  188  105   64   93  134   39   26    0  166  112
   17  175   13  159  157  172  167   26    5  192   11   20   22  147    9
  147   38   28   23   85   57    2  101  134   81  139  154  104  113  139
    0    0    0    0   39
    0    0    0   19   68
   21    0  161    0   99
   33  115    0    0    0
  136  103  144   18  126
  195   64   16  118  104
  180  124  133   99   46
  176  190   19  190   74
   66   30  185  149  129
  140   71   35   80  121
  137   55   98   44  126
  145  174  171  133  148
   35  173   33  199  199
  168  198  132   35   21
  169  130  144   15   14
   98   65  149   35  188
   68  107   75  109  135
   73  160   27  160   36
  152  154  105   18   18
  118  105   92   17   13

  Bi   hi   su   su
           time cost
 PSIZE,CV,TBO,TSCAP,AVGCAP =      2    2    2    2    8
