   20   20
    1
 2302
 1.00 0.80  54. 250.
 1.00 1.10  43. 100.
 1.00 0.90  21. 300.
 1.00 1.10  21. 150.
 1.00 1.10  65. 150.
 1.00 0.80  65. 100.
 1.00 0.80  32. 100.
 1.00 1.10  21. 200.
 1.00 1.10  21. 100.
 1.00 0.90  65. 250.
 1.00 0.80  32. 300.
 1.00 1.10  21. 300.
 1.00 0.80  65. 200.
 1.00 0.80  43. 300.
 1.00 1.00  32. 150.
 1.00 0.90  43. 150.
 1.00 0.90  43. 300.
 1.00 0.90  65. 250.
 1.00 1.10  43. 300.
 1.00 0.80  65. 300.
   71    0  149  199  174    0   96    0    0    0   71    0    0    0   31
    0    0    6  172    0    0    0   94    8    0    0    0    0    0  120
   55   37  124    0   75    0  189    0  180    0    0  157    0    0    0
    0    2    5    6    0    0   80    0    0  114    0   14    0  139  157
  110  138  128   73  134  190   43  127  110  153   16   46  127   82  197
  197  187   51  103  103   97  157  135  163   82   24   26  139  130  174
    9   95   43   43   72    3   76  193   87  132  172  155  162  122  157
  139  191    9   23   51  100   91  146   18   11  107   86   68   27  153
  103  130   41   72   22  194   62  121   98   36   75   89   26  185  181
   94  117   34  125  178   41   10   87  188   82   38    9  109  119  136
  154   47   26  126   60  113   84  112  186  177   79    5  138  106  150
   28   33  143   86  199  147  116  135   71   75   82   85   55   88  192
   65  185   29  186  163    0  180  183  156  184   38  146   63   81   76
   73  111  161  151  122  134   22   26  154   10  108  101   45  110  196
   92  126  103  118  178   91  161  104  163  117   16   19  165  138   21
  151   95   88   68  113    8  104   95   43   45   78   25   64  158   88
  105   93  122   73  183   57   69   67   47  181  172  184  120  178   83
    7    8  180  117  196  198  117   56   63   66   30  185  145  113   31
    9  142   97   65  163  106   60  164  163   65  169  139   94   75    1
   82   82  135  124  169   99   77  182  117   78  154   60    0   59  155
   10  183  112    0   24
    0    0    0    0    0
    0    0    0    0  171
    0   81  142  172  182
   69  197  166  135   93
  182  191   85   34  167
  150  145   67  180   89
  193   12   28   54   71
  102  107   16   98  187
   55  110  101   34   44
   27  137  107   62   71
   92  165   18  166  147
  112  140   29   26   92
  147  139   61  123  130
  183   21   51  114  165
   94   59   48  153    9
   15   70   46   51   85
  134   61  156  111  135
   45   58  145   74  116
  120   92    7  149  156

  Bi   hi   su   su
           time cost
 PSIZE,CV,TBO,TSCAP,AVGCAP =      2    2    2    2    9
