   20   20
    1
 1998
 1.00 1.20  14. 300.
 1.00 1.20   5. 200.
 1.00 0.90  14. 100.
 1.00 0.90  17. 300.
 1.00 1.00  14. 300.
 1.00 0.80  11. 250.
 1.00 1.20  17. 250.
 1.00 1.10   5. 100.
 1.00 1.10   5. 200.
 1.00 1.20   8. 300.
 1.00 0.90  11. 300.
 1.00 1.20  14. 100.
 1.00 1.10  17. 200.
 1.00 1.10  17. 250.
 1.00 1.00   8. 100.
 1.00 0.80  17. 150.
 1.00 0.80  14. 100.
 1.00 0.90  11. 150.
 1.00 0.80  14. 150.
 1.00 0.80   5. 200.
    0    0    0    0    0    0  162    0    0  162    0  182    0    0   64
    0    0   69   67    0    0   91    0    0  130  157    0    0    0  186
    0    0    0   66    0   15    0    0   70    0  176  111  190  110    0
    0  165  193  120  112    0    0   21    0    0    0  103  164    0   25
  145   63  187   58   47  154   25   93   86  173  104  170   57  164  186
   50  187  176   67   47  176  148   88  177  111   79    2  121   45   59
  119   93  117   44  186   29  176  104  146  125   91   59  175   28   48
   35   40  121  104   62   89  129   40  172  181    5  175  113  110   54
  173   45   72  183   70    6   12   17  189   83   37    1   69  170   15
   51   49   34  160  173   48  187  198  184  127  120  101  158    9   67
   91  131   35   27   39  193  108  145  188   42   41   70   15   58   13
  116  109  129  187  161   83  151    4   90   63  197  116  161   14   74
  107   33  194  169  174   83  151  109   65   69  192  134  199   88   85
  169   48  122   36    0   73  199   45   81   36    8  116  165  140  131
   77    7   64  119   79  138  163   63  153   75  165   45   27  160   31
  126   59    9  115  153  176  121   46  170  112  144  148  133  124   82
  190  134  115  124   19  181   27    3  169  103   92   34  114  121  107
   46   35  197  168   46   11   53   18   30   17   27   10   11  176   64
  186  145  102   69  113  104   22   54  126  199   51   12   15  175   27
   24   29  158    7   56   73   97  185  191  164  167  186  169  132  158
    0  137    0   74   36
   55    0  101   53   57
    0   91    0    0    0
  120   31   83    0  138
  189  140   55   79  135
  149   90   75   37  155
   41    6   69  123  156
  100   62  120   97   34
   16  158  117   60  181
   88  177  111   83   19
  158  147  120  158  164
   84  103  137  178  154
    9   11  188  131    9
  168   36   57   18  189
  183  131   46   88   71
   16   84  113   93  161
  181   89   35  139   48
   65   11   80  140  170
  152  190    0  172  148
  178  197   45   89   83

  Bi   hi   su   su
           time cost
 PSIZE,CV,TBO,TSCAP,AVGCAP =      2    2    2    1    9
