   20   20
    1
 2572
 1.00 1.20  43. 200.
 1.00 0.80  32. 200.
 1.00 1.00  21. 300.
 1.00 0.80  21. 150.
 1.00 1.20  32. 150.
 1.00 0.90  65. 200.
 1.00 1.00  32. 150.
 1.00 0.90  65. 300.
 1.00 0.90  32. 250.
 1.00 0.80  54. 200.
 1.00 1.10  65. 100.
 1.00 1.10  54. 100.
 1.00 0.80  32. 250.
 1.00 1.20  54. 150.
 1.00 1.20  43. 150.
 1.00 1.00  65. 300.
 1.00 0.80  65. 250.
 1.00 0.90  43. 300.
 1.00 0.90  43. 250.
 1.00 1.00  43. 300.
  123    0   70    0  164  181    0    0  179    0  168   22    0  122    0
    0    0    0    6  108  138  146  166    0    0    6   11    6  140    0
  108    0   50   29  124   17    0   19    6    0    0    0   16   80   92
   16    0   24    0    0   98    0    1   11    0    0   93    0    0    0
    0   91  103   81  173   41  148   43  146   17  102    8  180  116  183
   33  110  108  163   90  171  160   98   37   83  121   43  148   22   22
  193    9  102   80  176   64   63  197  115   58   84  133    5  128   58
  117  138   78  195   85  109  157   45  194   59   97    4  194   28  109
  170  198  114   37   70   50   70  132  102   70  115    7   80  172  144
  150  110  176  146   76   27   84   23  106  171   44   78   31  101   73
   46  121   48  173  121   67   59  151   96  191   31   47    6    6  184
  104   79   52   21   57  146   91    0   19  109   24   28  148  159   66
  194   61    9  102   77   56  160  173   52  113  149  171   22  150   27
  113   38  182   52  146  139   64  143    4   54   85  175   29   55   71
  171   19  131  145   17   12  114  121    8   43  181    4   68  134  128
    0  161   80  128  107   26   53   80  158   68   87   70  127   74  152
  137   74   75   55  168   29  107  130   10   85  169   94   46   74  190
   44  143  191  177   39    3   64  161  103   57   73   85  117  105    0
   40   87  116   89   15  122  133  113  125   36  182   72   32   49    5
  111  191  113   89   45  196   74   36   61   35   61   52  160   10   57
    0    0    0   90   95
  167    0    0   40    0
    0  178  101  120    0
    0  113    0   41    0
   38  153   98  190    9
  132  131  125  108   50
  189  114  111   50   67
  147  191   44   31  191
  102   82  182  185   57
  140  123   28   38  181
  152  159   32  198  199
  101  161  126   85   23
  135   99  133  187  131
   95  185    6   49   35
  198   27   71  146   72
   76   81  171   34  117
   86  150  178   50  162
   11   65   89  100  180
  191    2  177  155  123
   50  187  172  146   11

  Bi   hi   su   su
           time cost
 PSIZE,CV,TBO,TSCAP,AVGCAP =      2    2    2    2    8
