   20   20
    1
 1998
 1.00 0.90   8. 200.
 1.00 0.90  11. 200.
 1.00 1.00  11. 100.
 1.00 1.00   8. 250.
 1.00 0.80   8. 250.
 1.00 1.00   8. 150.
 1.00 0.80  17. 300.
 1.00 1.10  14. 150.
 1.00 0.90   5. 200.
 1.00 0.90  11. 300.
 1.00 1.20  11. 100.
 1.00 0.90   5. 100.
 1.00 0.90   8. 250.
 1.00 0.90   8. 300.
 1.00 0.90  17. 250.
 1.00 0.80   5. 200.
 1.00 1.00   5. 250.
 1.00 1.10  11. 300.
 1.00 0.80   8. 300.
 1.00 0.90   5. 300.
  195    0    0    9    0    0   13    0   40    0    0    0    0  199   51
    0  115    0  112    0    0    0  165  146    0    0  121    0   41   71
   33    0    0  116  161    0    0    0   24   65  171  152   48   46    0
   58    0    0  114    0    0    0    0  189   97   13    0  168    0    0
  114  157  107    9   50   20   66   11   71   89   53  149  140  155  199
   13  147   91   94  135   34  193  152   86  128  157  105  198   95   39
  106   16    0   57  143   70  109  175  139  150  184   88  100  187   78
  177   78   97  150   96  102   41  175  194   52  156  186  150   28  139
  113   68   27   49   50   55   77  124    7    9  186  143  188  160  172
  151  106   47  184  190   62  145   39   49  140  123  124   58  120  130
   47  117   14  105   48  105  141   84    1  179  172    0   11   66   90
  110  167   94  163  195   42  194   85    9  114  143   34   28   62  112
    3  170  111  131   88   98   80  103  170   57  170   19  137  182  171
  196   15   21  191   55  101   55   72   97   90  168  146   47   83   34
    5  172  100   62  116   82   75  199   31  189  163   73  178  134  195
  187   70   81  117   32  115  145  131  137   67  141   68   16   84  114
  184   29   87   17  151   74  175  104   60   78   86   85  123  134  117
   66  140  175  113  105   33    9  155  163  135   18   97  172  113  132
  185  130  128   26  196   43   86   80   98   36  181   67  111  105  145
   63   52  142  117   76  135  174   38  124  139   28  128   46   17   79
  113    0   42    0    0
   20    0    0    0    0
    0    0    0  191    0
    0    0  141    0    0
  133   36  120  134   36
   21  167  132  170  142
   25  164   71   61  133
  110   61  139   13   39
  143   93   37   29   36
  115   58  184   85   89
  103  187  158  162    4
   60   18  166  148  166
   76  134  161  183  195
  174   53   14    0   74
   71  121   34   96   17
  194    9   98   60   20
   35  127  188   76    6
  176  179   62  131  158
  108    5  118    1  123
   86  176  120   41   44

  Bi   hi   su   su
           time cost
 PSIZE,CV,TBO,TSCAP,AVGCAP =      2    2    2    1    9
