   20   20
    1
 2302
 1.00 0.80  32. 150.
 1.00 1.00  32. 150.
 1.00 0.90  32. 150.
 1.00 1.20  21. 100.
 1.00 0.90  32. 250.
 1.00 0.90  21. 100.
 1.00 1.20  21. 200.
 1.00 1.10  43. 200.
 1.00 0.80  21. 300.
 1.00 1.20  54. 200.
 1.00 1.20  65. 300.
 1.00 1.00  21. 250.
 1.00 1.10  65. 250.
 1.00 0.90  32. 250.
 1.00 0.80  21. 100.
 1.00 1.20  43. 250.
 1.00 1.10  65. 100.
 1.00 1.00  32. 250.
 1.00 0.80  65. 150.
 1.00 1.10  32. 200.
    0  176    0   18  129  147    0  125    0   59    0    0   97    0  128
   71    0    0    0  131  183    0    3  191   19    0   74    0    0  103
  105  123    0    0    0  190    0    0   94    0    0    0   58    0    0
   80    0   48   27  125    0  126   94    0   66    0  130    0   34   42
  198  185   25  163   72  172  107  192  155   12    7  132   58   58   26
  141   28   12   15  184   73   18   60  192  121  120   51  106  121   69
  137  173   21  127  107   34   98   35   69   64   65   15   96  193  144
  186    6  143  128   32  133   42  154   62  116   83  181  174   98   35
  129  116   73   31   36  131  195   90   31  110  120  137   50   71  138
  175  182  187   63   73   34  152  130  173   77  120   84   59   20  187
  125  110   65   63  194   97   82  121  147  198   87  187  178   74  169
    0  160   80  136   46  159   55  138   58   14  156  136   72  177   28
   76   59  183   74   30  125   16   59   10  129   16   28   28  109  148
  190  112  192   13  136   29  153  182   51   40  183   40  170  168  149
  142  191  183   73  130  165  132  187   34  101   49  138  111  176   31
  109   30   66  119   62   79   71  198  155   66   27  169   87    6  182
   14  126  162   45  157   53  140   91  148   33  187  128  105  114  136
  184  113  143   37  150   86   47  139  136  109  177   54   94   27  151
  151  119  121   76  105    9  164   17  170  185  141  182  146   31  191
   27  157   20   37   44  127   96  178   56  199  189   45  150   17   78
    0    0    0   68  142
   22    0    0    0    0
    0    0  160   29    0
  138    0  161  126   81
   27  125   46   39   16
   70   69   54    6  144
  140  189   93  191  148
   69   66  178  182   65
   29   37  156  126   20
   48  181  159  121  170
   71  125  154    7   85
  145  139  177  132  194
   91   93  125   93   71
  155  138  195  134  172
   66   80  142   81   75
  144  130   34   25   40
  192   37   79   99   55
  192  120   16   94  174
  174   20   17  118   94
   69   94   98  129  175

  Bi   hi   su   su
           time cost
 PSIZE,CV,TBO,TSCAP,AVGCAP =      2    2    2    2    9
