   20   20
    1
 2916
 1.00 1.10  65. 200.
 1.00 0.80  32. 250.
 1.00 0.90  43. 100.
 1.00 1.10  54. 150.
 1.00 0.80  65. 100.
 1.00 0.80  43. 150.
 1.00 1.20  21. 100.
 1.00 1.00  43. 150.
 1.00 1.20  54. 300.
 1.00 1.00  43. 250.
 1.00 1.10  54. 250.
 1.00 0.80  54. 200.
 1.00 0.90  54. 300.
 1.00 1.00  54. 200.
 1.00 0.90  65. 150.
 1.00 1.10  43. 150.
 1.00 0.90  43. 200.
 1.00 0.90  43. 100.
 1.00 1.10  32. 150.
 1.00 1.20  54. 200.
    0    0   10   90    0   55    0    0  128  160  118   49    0  154    0
    0   97    0    0    0  141  118   90    0  126    0    0    0  161   98
    0   11    0   53    0   41    0    0    0   95    0   80   83    0   12
  139    0    0    0  139   20    0    0    0    0    0   48  114    0   86
  117  105   96   39   12  116  130   41  170  165  130   78   50   11   17
   35  117  130  136  169   12  101   46   12   62   60  197  144   15    7
   90   26   79  198  191   67  133  124   89  153   75  163   37   97  197
  155   92  140   79   82  161   70  173   25  155   24   75    0  136  141
  169   12    3  111  182  163   32   65  101  174   97  125  157   24  166
  117  146  120   63  180   20  168  139    4  177  136   20   98  161  148
  161  154   44  102  169  160  109    3   98  107   54   22   42   55  147
    1   12   61   53  173   69   82  131    8   65  111   28  132   72    5
  142   40  171  183   21   50  113  166   63  137  182  169   66   95  123
    3   40    7   82  185    1  115   21   63  184   46   94  102  152  172
    9  109  116   17   29   23   69  175   42  135  164   89  162  117   31
  107  108   91  192   69  139   43   14   96  199  176   69   59  140   34
   78  182  116  170   62  196  117   69  100   37   67   32  190  155   29
   45   43   50  117  190  162   64   70    7   16   36   65   68  184  101
  126   19  172  168   36  154  118  197   96   44   45   76    7  169   64
   93  139   64   42   75   33  132   32   96   42   31    4  139  128   58
    0    0    0    0   70
    0  124   42  121    0
  168    0    0  101    0
    0    0    0  112    0
  199  141   78  175  172
  107  123  168    2   52
  156  182   27  198   40
  156    3   43   30  189
   91   52   29  108  133
    0  193   57   96   14
  116   28    0  146  199
  189  189  124  162   60
   63   56  169   24   77
    1   15   85  127   60
  102   84   95   92   90
  153  129   64   16  113
   11    2  105  160  190
  173  194   72  136    8
  120   82   45  154   41
   85  145   58  160  151

  Bi   hi   su   su
           time cost
 PSIZE,CV,TBO,TSCAP,AVGCAP =      2    2    2    2    7
