   20   20
    1
 1998
 1.00 0.90  17. 100.
 1.00 1.10  14. 150.
 1.00 0.90  17. 300.
 1.00 0.90  11. 150.
 1.00 0.90   5. 250.
 1.00 1.00   5. 200.
 1.00 0.80  11. 300.
 1.00 0.80   8. 200.
 1.00 0.80   5. 100.
 1.00 0.80  11. 200.
 1.00 1.20  11. 100.
 1.00 1.20  11. 150.
 1.00 1.10   5. 150.
 1.00 0.90   5. 250.
 1.00 1.20  14. 300.
 1.00 1.10  14. 100.
 1.00 0.90   5. 200.
 1.00 0.80  14. 200.
 1.00 0.90   8. 150.
 1.00 1.00  14. 250.
    0  131    0    0   58    0    0    0    0    0    0  146    0  117    0
  139    0    0   10  105   81  155   46   12   57    0   58    0  143  146
    0   86    0    0   59   31   53   35  132   10   69   87  161    0    0
    0   30   99   69   32  178   86    0   74    0    0    0    0  131   59
  157  117   67   89  182   33  134   39   30   24   75  195  110   39    7
  147   63  176  198   70  198  160  193  162  137   39    4   76  175  193
   62   61    7   89   22   64  188   57   30   59   84  133   97  135   16
  153    9    6  156    2  137  137   20  193   79  188  139  150   83   28
   23   90   84   86  139  119  107   96  127   75   59  190  112  191    9
  121   17  196  124  110  176   41   23  164   92   78  135  157   52  135
  131   92  119   65  194   78  176  178  161  148    5  116  192   85  128
   60   10  119  159  180  195  126   24   99  127  155    4   58  108   70
  142   54  156  165   41    3   50   70  138  133  190  149  190   31   57
   30   33  124  181   69   17  185   60   70   47  152   13   38  113   77
   55   22   37   21  193   73  149  174   36    8  123    8  123    0  178
  109  191  134  105  168   35   47  166   91   52   31  113  137    8  119
  103    1  131  111  129   74  134   84  152  108  148    8   36  138   34
   89  155  189  170   17   28   13   25   32  169   34  137   45  139  160
  117  100   72  144   53  138   77  187  146   98  146  161  193  151   83
  195  126   34   57   29   63  115   63   17  131  165   24    6   16   45
   37  173   20    0    0
  133   33  101    0  164
   36    0  125  129  173
   69    0  147    0    0
   91   35  124  162   60
  147  158   66    8   57
   83  105  160  186   25
  144  136  170  113  140
   20   34   21   19  126
   70  170    8   73  124
  164  138   30   44  193
   72  169  192   85  124
   59   43  119   71  193
  173  171   40   56  174
  179  149   76  100  174
  178  189    1  187   18
  168   16   37   76   84
   36  116  106   15  192
   19   90  124  109  166
  121   64  170  159  100

  Bi   hi   su   su
           time cost
 PSIZE,CV,TBO,TSCAP,AVGCAP =      2    2    2    1    9
