   20   20
    1
 2532
 1.00 0.90  11. 300.
 1.00 1.20  11. 100.
 1.00 1.20  17. 300.
 1.00 1.10  11. 100.
 1.00 0.80  14. 250.
 1.00 0.90  14. 100.
 1.00 1.20   8. 200.
 1.00 0.90   5. 150.
 1.00 0.90  14. 200.
 1.00 1.10   8. 100.
 1.00 0.90  11. 300.
 1.00 0.80  14. 200.
 1.00 1.00  17. 150.
 1.00 0.90  11. 100.
 1.00 1.10  11. 100.
 1.00 1.00  14. 250.
 1.00 1.10   8. 100.
 1.00 1.10  11. 300.
 1.00 1.10  17. 250.
 1.00 1.10   5. 100.
  109  188  112    0  130    0    0   74    0   70   33   71   88    0    0
  140    0    0    0   40    0   82    0  111    0  184   38   41    0   21
    0    0    0    0  153   93   63  181   30  118  175   79  121    0    0
    0  158  102   79  162    0    0   30    0  185    0  139  131  176   85
  134  156   52   42  186   40   46  116   21  150   38  195  135  176   52
   91   19   31   15   10  123  183  181  121  105   69   92   87   89   38
  102  100  186   73  104   23  158   59  163  163  176   46   49   82    7
   35  106   63   78   64   98  159  135  153  123   33   72   97  189   13
   13    8  126   21   76   28  195   19   51  133   74    6   80  183  109
  116  193  192    5   92   54  133   44  168  126  133   80   41  149   45
    7  138   91  163  115   10  197  189   63  159  109    1   87   74   49
   35  184   99  163   53   93   33  104   69    0  177  175   31  173   71
   38   61   17  156   98  168  188  177  162   58  135   16   82  102   43
   28  130   64  105  199  105   87  186  168   29   16   33   50  199   47
  110  178   50   61  114   81   88   76   54   53   28   87   25   99  114
   75   46    8   35  133   16    2   60  143   44  191   51   69  121  144
  198   86   86   27  121   17   93  157  159  199   99  152  193  115   85
   47  174  131   13  197  163  117  120   78   28  179  134   93    4  130
    3   94   92  195   84  197  147  133  127    1  154   31  133   48   90
   36    1   80   24  147  183    8  173   73    5   80  191   51  171   76
    0   77    0  181    0
    0    0   95  100    0
   70  160   54  122    0
   47    0    0    0   42
  192  187   87  172  197
   60   12  134   22  128
   25   88   53   55   56
  159  157  170   55   52
  127   74   54  170   49
  156   47  114    0  147
   38  187   83  148  190
  191   20  183   28   89
  191   64   50  124   26
  187    5  124   37  190
  183  152   62  131  156
   85   86   34   63   67
    4   87   40  185   56
   77   42   74   30  123
   57   68   57   26   46
  134   65   84   76   83

  Bi   hi   su   su
           time cost
 PSIZE,CV,TBO,TSCAP,AVGCAP =      2    2    2    1    7
