   20   20
    1
 2234
 1.00 1.00  11. 200.
 1.00 1.10   8. 150.
 1.00 1.20  11. 150.
 1.00 0.90  14. 200.
 1.00 1.10  17. 200.
 1.00 0.90   5. 250.
 1.00 1.10   8. 150.
 1.00 1.00   5. 300.
 1.00 0.90   5. 250.
 1.00 0.80   5. 150.
 1.00 1.20  17. 250.
 1.00 1.20  11. 250.
 1.00 1.00  11. 300.
 1.00 0.90  17. 100.
 1.00 1.20   8. 200.
 1.00 0.90   5. 100.
 1.00 1.10  14. 250.
 1.00 1.00  11. 250.
 1.00 1.00  11. 200.
 1.00 1.00  17. 250.
    0    0    0  110  161    0    0    0   57    0  164    0   94    0   91
  132    0    0    0    0    0   30  111  136    0  114  154   92  149  134
    0   13    0    0    0    0    0    0    0    0    0    0    0    0  130
    0    0   83    0  102    0  110    0    0    0    0   11   49  191    0
  167  144   41  163  121   46  162   79  115   38  168  178   18   73   38
   95   65  182   13    6  120    5  128   55   68   74    0   39   38   74
   87    4  170   99   64   41   73   29  125   21   84   74  175  107  177
  107  158  160   94   18  104    5   48   37  190  111   84   33  163  198
   32   46  187    8   45  199   86   80  188  138  147   68   72   81  107
   50   38  176   26   32  160  192  150   86  145  153   53   70  105  150
  123  162   61   55  177   76  188   62  163  137  124  158  133  149  114
  167  120  108   92  190  154   21  170  150   46   47   72  166   73  155
  171  146  120  165  106   44   70  185   95  130  107  107   87   73   50
  196   19  149   40   26  188    4  109  161   68   65   78   48  199   59
   89  197  111   33   65   88  101   91   42   68  194  159   20   23  156
   97  126  167   68   23  127   87   25   96  100  125  138  122  134   23
  165  148  171   31    2  133  105  182  113   49  148  173   38   28   26
  195   50  134   84  154  119  192  164   64   49  118    6  149  161  168
   93   28   64  137  170  109   22  110   10  133   39   30   33  123  174
  106  145   98  151   95  191  131  192  169  188   67   56   31   79  156
    0    0    0    0    0
  114    0   63    2    0
    0   96    0  108    0
    0  159   38  135  196
  183   62   96  167  100
   60    1   65  186   30
   67   44  156   60  191
   68  183   97  161  153
  177   66  140  168   75
  131  197    1   24  135
  113  164  151  102   22
  105    9  166   32   43
  151  182   67  198   87
   63   48  114  195  119
   49   22   89   89  121
   30  169   56   68   62
  100  114  174  196  176
  118   82   70   64  158
   37   13  143   73   26
   62    0   42   44   87

  Bi   hi   su   su
           time cost
 PSIZE,CV,TBO,TSCAP,AVGCAP =      2    2    2    1    8
