   20   20
    1
 2532
 1.00 1.20   5. 150.
 1.00 0.90   5. 300.
 1.00 0.90  14. 300.
 1.00 1.10  11. 300.
 1.00 0.80  14. 300.
 1.00 0.80  14. 250.
 1.00 1.00  11. 300.
 1.00 1.20  17. 250.
 1.00 1.00   8. 100.
 1.00 0.90   8. 200.
 1.00 1.10  17. 100.
 1.00 1.00  14. 100.
 1.00 0.80   5. 200.
 1.00 1.20  17. 100.
 1.00 0.80  14. 150.
 1.00 0.80  14. 250.
 1.00 0.90   5. 100.
 1.00 1.20  17. 250.
 1.00 1.10  14. 200.
 1.00 1.20  14. 100.
  168    0    0    0   94   26   54    0    0    0    0  168   17   37   70
  181  151  172    0   18    0   11  131   16  111    0    0    0  149    0
  154    1   45   65  181    0   75    0   18    1    0    0   65    7    0
    0    0    0    7    0    0    0  158    0    0  135    0    0  108    0
  160   34   99   43   12   79  130  116  167  142   29    9  194  182   43
   98   87   43    5   45   18  106   19  111   44   28  166   64   35   28
   24  180  169  180  121   17   95  163   84  138  125  152  198  150  140
   98  127   66  107  192  147   73   92   61   72   49   51   68  109   91
  104   69  196   58   77  103   84  193  130  162  113  109   48  173  116
  144   45  187   24   40   23  182  191   79  106  183  113   48   38  199
  162   50   85   17   62   18  152   72  151   94   80  135   41  129  139
   62   79   74  110   51  176  108  171  132  142  189   73   85  116  102
    5    4  180  148   63  170  165   34  164  193  130   65  112   31   45
   92  173   64   82   74   91  144  107    9  150  140   47  127   79   78
   22   29  175  101  144   31  106  100  154  195   15  128  170   72   20
  112   73   63  125  121  128   94  151   27  128   54  162    4   11   27
   28   28  115  185   50  114  168   71   28   35  156  141  102    3   49
   44  186   24   52   87   13   22   18  103    4   52   70  118   21  142
   59   20  187   48  183  168   53  152  158  134  145   92   23  141  168
  104  133   50  199   40   49  129   69   11   49  190    1   81   29  167
    0  160    0   59    0
    0  194  102    0    5
   88  153   82    3    4
    0    0    0    0   49
  189   53  196    0  127
   58   92  177  183  182
   42  101  175  105  161
   78   45  186   18   11
  141  103  111  134   99
  148  119   45   75    4
   94   70   78    7   55
  191   81  111    4  190
  193   51  157    7   59
  134  148    9   45  187
  177  192   23  100  139
   63  130  145   22   37
   68  130    1  133  117
  185  154   54   67   84
   69  116  123  199   72
   55   75  115  172   80

  Bi   hi   su   su
           time cost
 PSIZE,CV,TBO,TSCAP,AVGCAP =      2    2    2    1    7
