   20   20
    1
 2572
 1.00 1.00  21. 150.
 1.00 0.80  43. 100.
 1.00 1.20  54. 300.
 1.00 0.90  65. 300.
 1.00 1.10  32. 100.
 1.00 1.20  65. 150.
 1.00 0.80  32. 100.
 1.00 1.00  43. 150.
 1.00 1.00  21. 100.
 1.00 0.80  65. 300.
 1.00 1.20  54. 200.
 1.00 1.10  65. 100.
 1.00 0.90  32. 150.
 1.00 0.80  21. 100.
 1.00 0.80  65. 300.
 1.00 0.90  54. 150.
 1.00 1.10  21. 200.
 1.00 0.90  43. 150.
 1.00 0.90  54. 100.
 1.00 1.10  21. 100.
    0    0   95   11    0  120   41    0    0  198    0   66    0  149    0
    0    0  138   16   62    0  169  139    0    0  116    0    0    0    0
  103  151  156    0   79    9  160  192   58    7    0    0   57   81    0
   42   24    0   86  139    0  132    0    0  172  146    0   37    0    0
  151   37  187   96  125   67   28  169   69  114    5   78  180    6  181
   17   78   73   19  164  127   66   43   65    3   27  133   89   90  131
  127  183   53   43  180  196  128   34  144   81   62   67    7  139   99
   39  102    2  149  198  169   40  173  186  126  197  139  186   75  122
  130   40  163  132  198  100   64  132  148  125   73  166  164   53  189
  175   61  155   96  168  199   32  102   67    7  135   78  114  139  108
  104  141  195   14   18  180   22   83   54    5  138  112   77  185  138
   95    2  199   76  122    3  199   71   94   83  149   98  123  138   35
  176  141   54  162    5   10   17    8   95   54  105   93  122  172  126
  123   94  194   62  115   77  158   88  102  194    2   57  123  163   70
  164  151  100   13  127  183  149  145  182   12  101   49   32  155  162
  146   48  195   32   32   99   54   86  181  150  166   88   36   59   24
    6   18   53  159  192   62  129  155   83  188  112    5   84   18  173
  124   29   43  194   77  170   57   66   81   46   69  166   92   61   76
   36   28   40  189   77  105  196  189  166   95   80  120  161   86   63
   86   59  102   33  131   21  141  183   52   37  153  102   15   22  194
    0   24    0    0  185
    0    0    0   67    0
  199  130    0  183    0
    0  131    0  103    0
  138  105  136  165   83
  143    0   25  148  189
  199  150   34  175   59
  104   56   52    8  183
  159   54  135   50  187
   55   17    3   66  164
   71   53  186  147  109
   71   75   79   72    3
  102   14  121  137   42
   58   24   21  111   17
   22   16  100    2   61
   10   44  168  129   46
  188   37  110   69  154
   68    3  103  140  198
  133  163  193  141   24
   69  126  173    5   30

  Bi   hi   su   su
           time cost
 PSIZE,CV,TBO,TSCAP,AVGCAP =      2    2    2    2    8
