   20   20
    1
 2302
 1.00 0.80  43. 300.
 1.00 1.00  21. 250.
 1.00 0.90  43. 250.
 1.00 1.10  21. 150.
 1.00 0.80  65. 100.
 1.00 0.80  54. 250.
 1.00 0.80  54. 100.
 1.00 0.90  43. 100.
 1.00 1.20  32. 300.
 1.00 0.90  65. 150.
 1.00 1.20  21. 150.
 1.00 1.00  43. 100.
 1.00 1.10  32. 100.
 1.00 0.80  43. 300.
 1.00 1.00  21. 200.
 1.00 0.80  54. 100.
 1.00 0.90  32. 200.
 1.00 0.90  54. 200.
 1.00 1.00  43. 250.
 1.00 1.00  43. 250.
    0    0  176    0    0  182    0    0   97   95    0    0    0  132    0
   64   68  197  171   59    0   21  124    0   52    0    0    0    0    0
    0  102   79  168    0    0    0   23    0  130   76    0    0    0    0
    0    0   22   51    0  137  130  189  161    0  107   41    0   71    0
   39   22  179  186   80  140  170   84  183   76  144  118   68   91  189
  111  167   85  110  170  106  105  182   17  132  173   57  148   97  121
   10   11  180   87  123  124   58  114  102    5   67  119  156  163   22
  112  100  111  158   37   33   65   90  109   20    7   55   67   70  180
   74  156  199  124   89   58   79  110  110  176   41  131  143    5   58
   33  169   31  112  136   10  136   56   16  192  112   72   59    9  121
  113  199   44  170  130  142    4   59  117  106    6   37  167  178   28
  180   91   51   21   70  190  121   39   22  179  185  174   66  161   85
  146  125   93  172  149   25   35  180   69  129  196  104  105   95  130
   60   50  156    9   81  165  197   45   93  107  187   25   50   71  137
  177  180   61  116   90  121  191   39  199  148  116   26  189    1   89
  110   53   89    9   86  191    8  111  136  114  109   43  138  172    8
   68  195   66   29  180  128   53   62   92  140  183   51  136   87   57
   61   95  171   23   55  122  173  137   53  193  178   31   51   24   81
   51  149  154   32  133   43   57  155  140    3   72  162  148    2    0
  120   52  110  130   88  111  150   90  168   46   14   65   67  178   79
    0    0    0   47    0
  131  115    0  145    0
    0    0  109    0  187
  198   85    0  149    0
   54    5  141  127  139
   33  189  143   69    5
    6   41  186   55   35
  160  129  106   17    6
   98   14   50  167   71
  183   98   65   56  150
   28  117  187  147  106
  158   34  113  115  183
  104   96   45   51   95
  117   14    4   97   92
   81  176  157  140  194
  155  183   42   77   42
   86  158  117   60  183
   25   40   15  123  141
  180  184   62  190   81
  193   71   43   24  151

  Bi   hi   su   su
           time cost
 PSIZE,CV,TBO,TSCAP,AVGCAP =      2    2    2    2    9
