   20   20
    1
 2916
 1.00 1.00  54. 250.
 1.00 1.20  32. 100.
 1.00 1.00  43. 250.
 1.00 1.10  65. 100.
 1.00 1.10  43. 100.
 1.00 1.00  32. 300.
 1.00 1.10  54. 150.
 1.00 1.10  54. 150.
 1.00 0.80  43. 250.
 1.00 1.20  65. 250.
 1.00 1.10  43. 150.
 1.00 0.90  65. 300.
 1.00 0.80  32. 300.
 1.00 1.00  21. 100.
 1.00 1.10  43. 250.
 1.00 1.10  43. 300.
 1.00 0.90  65. 250.
 1.00 1.20  32. 200.
 1.00 0.80  32. 250.
 1.00 0.90  43. 250.
    0    0    0    0    0   50    0  143   69    5   13    0   37    0  113
    0   73   31    0    0  168  150    0    0   10    0   38    0    0  107
  157    8    0    0   95    0   55    0    0  169    0    0    0    9   97
  152    0  108    0   70    0    0    0    0   44    0   68   14   74   77
  199   58  150  104   47    2  180  172  198  195   90   26   85   30  140
   74  138  199   60   68   30  172   68   87  162  141   57   85  149  179
  162   34   86  161  141  168   63  120   91  195   91  135   59  140   35
   14  113   89   43  186   33    2  115    7   84  195   36   57   11  154
   29  111  146  173   53  121  186  116   38   61   18  161  118   42   66
  188    0   85   69   40  125  124  142   47  116   15   16  163  147  183
  158   20   30    0  125   85  130   77   43   81   58  139   40  194  108
   64  161  107   77  120  179  185  175   71   78  190  161  161   73  197
  147  148  109   92   86   82    6  120    4   21   90  103  188   61   55
  166  170   85   91  166   25    3  192   32  149  127  183  148   41  135
  133  179  190  199  169  138  190    3  195   43   97  139  135  102  148
  134  141  171  183   25   76  184  143  107   13  174   40   34   45  160
   44  163   96  109  172  132   31  199   11   71   89  157   99  162   48
   61   48  140  137  101  126   31  139   85  122   29  159   15  195  131
   78  110  118   19   31    8  167   48   32  156  172  173   64  184   32
   76  136  176   46   59  133    2  112  194  125  130   73   26  110  164
    0   73    5    0   12
  145    0  157   38   50
   46    0   78  186    0
    0    0    5  199    0
   94  169  121   98  129
  166   68   28  157    6
   61   46  122   55   19
  147  149  117   28   88
   13   85  147  173   48
    5   56   91  192   73
  138  150   88   56  176
  131   46  189   25   29
  182  106  114   28  112
  170  126  116   89   16
   44   58  149   91  186
   70   84  133  106   80
  172  107   97   31   57
  162    5   13   29   58
   14  192  127  157    9
   78   96  141   49  139

  Bi   hi   su   su
           time cost
 PSIZE,CV,TBO,TSCAP,AVGCAP =      2    2    2    2    7
