   20   20
    1
 2916
 1.00 0.80  21. 250.
 1.00 0.80  43. 250.
 1.00 1.00  54. 150.
 1.00 1.00  43. 100.
 1.00 1.20  21. 100.
 1.00 0.90  65. 250.
 1.00 1.00  43. 150.
 1.00 0.90  32. 200.
 1.00 0.80  43. 150.
 1.00 0.80  32. 150.
 1.00 1.20  43. 300.
 1.00 1.10  43. 250.
 1.00 1.10  21. 100.
 1.00 1.10  32. 300.
 1.00 0.90  54. 250.
 1.00 1.10  43. 200.
 1.00 1.10  32. 250.
 1.00 0.80  54. 100.
 1.00 0.90  32. 100.
 1.00 1.10  32. 250.
   31    0    8    0    0    0    0    0    0   55    0  148  131    0  165
    0  178  130    0  195    0    0   89  177  101    0    0    0   69    0
   63    0    0    0    0    0   65  159   87    0  116    0    0    0    0
  162  145  183    0    0  117  173    0   36   46    0    0    0   95    0
    8   10  190  147   84   60  125  146  166   17   55  175   68   58  140
   50  173  102  161  121  156  150   49   71  147  171   36   35   81  127
   34   51  196   23  163   88  161   28  158   14    3   86   47  130   95
  127   72  142  143  117  170   56   60   55  187  134  131  118   65    1
   48   61  129  160    8   47    4    4  186  181  102    1  136  137  136
  127   57   92  186   35  113  106  133  136  144  174   76    7   70  123
   48  104  135  160   69  179  166   66   22  131  124  199   61   72   44
  144  124   97    5  101  110   48   61  129  158  198  105   90  106  105
   56  196  177   99  118  104   85  190    6   11    3  122   40   24  182
  141  163   36   93  183  107  111  108  159   62   78   66   75   15   24
   12   79  123   83  135   16  183   59  178   48  152  198  149   34  186
   56  185  109  114  104  118   66    7   47   14   61   36   68   43   50
  136   31  166   32  145  110   17   77   66  183  107  114  126  135   96
  113   30  128   30   20   50  119    0    3   16   68   30  171   71  102
   38  114   86  113  177   24  118   33  112  112  176   26   36  178   53
   85   23  195   64   22  153   40   93  143  193   85  118   13   89  168
    0    0    0    0    0
   65    0    0    0  178
  135    0   67    0  126
  159    0    0   65   71
   44  110    5  107  137
  192  102  120  196   74
   44   48   92   69  190
   20  116   51  135   84
   17  185   58   63   49
  152   10  122  179   65
  126   94  172  141  182
   79  145  103   77  151
  184  144  110   20   95
   10   42  160  100   43
  112  121  123   73   73
  110  154  124  121  135
  112   96   87   53   66
  129  140  103   19   35
  184  134  149   19  193
  158  106  193  170   82

  Bi   hi   su   su
           time cost
 PSIZE,CV,TBO,TSCAP,AVGCAP =      2    2    2    2    7
