   20   20
    1
 1998
 1.00 0.80  14. 250.
 1.00 1.10  11. 100.
 1.00 0.90  17. 150.
 1.00 1.00   5. 200.
 1.00 1.20  17. 250.
 1.00 1.10   5. 100.
 1.00 1.20  17. 300.
 1.00 0.80  14. 150.
 1.00 1.00  14. 100.
 1.00 1.20   5. 250.
 1.00 0.80  14. 150.
 1.00 1.20   5. 300.
 1.00 0.80   5. 250.
 1.00 1.00  14. 300.
 1.00 0.80   5. 250.
 1.00 1.10  11. 200.
 1.00 1.00  11. 300.
 1.00 1.00  14. 250.
 1.00 0.80  17. 100.
 1.00 0.80   8. 300.
    0  149    0    0  160    0  168   18   51    0  123    0  127    0   13
    0   82   44   43   61  181   43    0    0    0    0  144    0  197  116
   18    0    0   17    0    0    0    0    0    0    0    0   67    0    0
    0    0    0   86    0   36   23   12    0   54   27    0    0   54  151
  151  153    9  104   91   20   34   27   52   69  107  169   24   77    6
  116   88  116  176   95    0  183    3   45   44   55  134   41  145   21
  168   58  187  107  184  112  130  176   88  166  150  179   57  194  157
  109  147  187   24  138  144  156  177  105   47   95   96   10   39  145
   71  130   82   71   76  185   44   73    3  174  126   84   16   60   17
   86  146   63   77   55  153  147  156  157   90   19  136  176  150    0
   89   81  174  150   15  164  170    2  134  119   50    3  172  114   34
  101  118   93   23  138  153  107  137   51   78  168  137   95   94    2
  168  183   47    9   26   79  196   84   91  168  140    5  179  139   15
   40  177    7   17   36   61   38   76   70  115  109  134   16   89  142
  103   68   95   14  168  199   32  198  195   89  128  130  157   84   85
   26    9   13  196  158    1   17   92  148   22  126   88   38  168  181
  186  141   81  189  131  100   62  123  116   14  107   67   62  166  155
  196   20  144   11   86  174    8  142  106   16    4   72  164  158   36
    6   81  188   19    6   63  124  112  182   62    1   51   91   41   65
   43  100  160   26   57  107   67  166  113  170  191  171    8   63  110
    0   77    0   69  171
    0  196    0  188    0
    0    0    0    0   46
    0  136   97  112   90
   55   70   92  179  193
   40   46  116   26  182
  103  192  177  135  114
   45   82   37  112   75
  162  133   19  110   36
  177  168   95  159  161
  151  120   31   80  165
    1  190   29   51   37
   51  165   49   57  102
  114   57  188  120  147
  134  196  173  180   86
   37  163  162  163  184
    6   70  129  184  141
  129  186  152  142  141
   20  133  152  135  101
   31   60   78   91   12

  Bi   hi   su   su
           time cost
 PSIZE,CV,TBO,TSCAP,AVGCAP =      2    2    2    1    9
