   20   20
    1
 2234
 1.00 1.00  11. 100.
 1.00 0.90   5. 250.
 1.00 1.10  11. 250.
 1.00 1.20   5. 100.
 1.00 1.00   5. 100.
 1.00 1.10  17. 250.
 1.00 1.00  11. 200.
 1.00 1.20   8. 250.
 1.00 1.10   8. 200.
 1.00 1.20  17. 150.
 1.00 1.10  11. 300.
 1.00 1.10  17. 200.
 1.00 1.20  11. 200.
 1.00 0.80   5. 250.
 1.00 0.90   5. 250.
 1.00 0.80  17. 300.
 1.00 1.20  14. 200.
 1.00 1.10   5. 300.
 1.00 0.90  11. 300.
 1.00 1.20  14. 200.
  132   94    0  183    0    7  138    0   90  172  171  152  151    0    0
    0   83    0  132  134    0   70    0    0   56    0    0   21    0  133
    0    0   14   82  123    0    0    0   79    0    0  133  142   77  162
   26   62    0    0  124    0  105    0  142    0    0  162    0  143  147
  196  179   11   27   57  100   31  135   60   45  130  106    8  154  171
   27   11   19   13  104   52   31  119  167   29   16   36   71   63  147
   69   35   90  179    6  197   23  161   78   23  148    3  112  186   78
   93   69   75  196   17  130  155  176    5  109  156  135   71  178   49
   26  126   55  187  131   12  190  132  103   75   38   64   39   52  163
  192  147  164    3   86   40   94  159   65  102  169  166  139   24  196
   97   38  103   22  157   64  101  181   32  137   64  152   61   25  195
   61   83  109   74  185   64   91  125    3  184  181  114   67    9  153
  174  177   68  149  105   62  183   47  105  152  147  165    8    6  162
   15   13  144   74   24  188   16   84  115   98  173  119  154  151  175
  159  120  168   25  190   15  164  159   45   77   19  136  172  125   93
  185  186  133  134  140  163  149   90  181  118   89  101  186   61  175
   90  106    5   38  180   43  105  189  150  104  148  134   24   36    0
   72  114  185  165  117    4  141  142   18   45  105  169  138   91  162
   66  184   16  119  101   68  109   92   86   82    4  110  169  100   83
   51    2  145  179  196   35  140   53  163   16  174   12   69   67   53
   92    0   46    2  196
   66    0   69    0   30
    0   80    0    0  173
    0  153    0  196    0
  181  115  170  172  167
   33  197  185   41  152
  131  136  165  185  179
   57   95    9   36  137
   26   32  153  157   12
   60  192  110   64  159
   47  118   28   77  171
  160  128    2  152   20
   40  122  107   73  103
  125   78   86   91  153
   70  190  118   18   26
    8  134   63   76   43
   75   13   11  146  104
    9  138   72  161   45
  104  150  144  167   34
   11  189  143   63  104

  Bi   hi   su   su
           time cost
 PSIZE,CV,TBO,TSCAP,AVGCAP =      2    2    2    1    8
