   20   20
    1
 2572
 1.00 1.20  21. 100.
 1.00 1.20  43. 300.
 1.00 1.20  65. 150.
 1.00 1.20  21. 100.
 1.00 0.90  65. 100.
 1.00 0.90  54. 300.
 1.00 0.80  65. 150.
 1.00 1.10  21. 100.
 1.00 0.80  21. 200.
 1.00 1.10  32. 250.
 1.00 1.10  21. 300.
 1.00 1.10  21. 100.
 1.00 0.90  32. 300.
 1.00 0.90  65. 300.
 1.00 1.00  65. 150.
 1.00 0.80  32. 150.
 1.00 1.20  65. 250.
 1.00 1.20  54. 200.
 1.00 1.10  54. 300.
 1.00 0.80  43. 250.
    0    0    0   21   50  112  164  159    0  187    0  158  124    0    0
    6  177    0    0    0  170  185    0    0  102  188  166    4    0  177
    0    0    0    0    0    0   86  198   47  194    0    0    0   53    0
    0   56   16    0    0    0  151    0  119    0   22    0    0    0   54
   45   92   95   31  174   73  194  122  111   96   94  197   76  141    6
   37   49  154    6  180  132   75  126  125   41   10   86  181   53   56
  115   40   73   42  100  170  185  145    5   41    5   56   88  175  103
  140   58   96    2   95   98  127  160  125   89   46   12   52    2  145
   30   37  148   76  111   36  187  100  144   41   63   12   99   38   83
    9   19   34   30   75  138  193  123   28   47   25  127   68   17  194
  107  172  137   65   62  185   54  140   79  181    0  146  198   91  114
   79   38  130  175  185    3  126   66   44   72  195  134   73  193  112
   93  190  150  198   59  172    7   53   50   27  106  138   64  148   40
   49   38  183   69  102   42   85   90  156   82   81  126  185   73   14
  154  131  159  195  177  110  177   43   30  192  186   77  130   32  118
   56   54   13  195  149  158  148   31   74  129  149   52  191  182   65
  197   93  130   16   17  157  104   93   35  110   86  145   51   20   56
  154  170  180    8    2  134  121  156  152  162   50   88   30  119  178
   92  105  186   37   23    3   11   35  110   86   49   49   52   65  120
   34  149  106   68  175  153   29  123   19  186   50    6  180  138  106
    0  115  151   66  128
    1    0   30   72  123
  146    0    0    0    0
    0    0    0    0  197
   74  150  168    1   42
   57   38  114   81  186
   48  118   13   92  188
  174   72   89  146   38
  113   94  168  121    3
  111   56  104   60   82
   45  114   19   60  186
  169   90  126   13   35
   26    0  158   69  194
  132    1  116   21   57
  160  189  143   65  118
   26  169   94  150   21
  156  150  154   18   53
  189  100  130  165  133
   74  105  122  181  181
   47  183  182   25   84

  Bi   hi   su   su
           time cost
 PSIZE,CV,TBO,TSCAP,AVGCAP =      2    2    2    2    8
