   20   20
    1
 2572
 1.00 1.10  54. 100.
 1.00 0.90  65. 150.
 1.00 0.90  54. 150.
 1.00 0.80  43. 100.
 1.00 0.80  21. 200.
 1.00 1.10  21. 150.
 1.00 1.00  32. 200.
 1.00 1.20  32. 300.
 1.00 1.00  32. 300.
 1.00 1.10  21. 100.
 1.00 1.20  43. 150.
 1.00 1.10  43. 150.
 1.00 1.10  43. 100.
 1.00 1.00  65. 300.
 1.00 1.10  43. 200.
 1.00 1.20  21. 250.
 1.00 1.20  43. 250.
 1.00 0.80  54. 100.
 1.00 0.90  43. 200.
 1.00 1.00  21. 300.
    0   61  176    0  184    0    0    0  182    2   45    0    0  164  100
    0  156    0   77    0    0  175   69   64    0    0    0  108  149    0
   74   21    0    0   73    0   31    0  116  145  128    0   10    0  147
    0   33    0  177  126    0   30    0    4    0  155  121  198    0    0
  179  121  123   63  156   88  113   62   25  187    3   11   39  132  174
  112  144  153   60   15  143   52   34  137   42   24  169  109   29   56
   47  161   60   52  172   81   49   91   54   38  142   35  144   74  126
   21  115   42  188   53  104   92   28   76  160    9  149  139   47  138
  159   54   27   72  155   11    0   97  131   94  132   21   31  196  199
   67   46   77    4  143  148   46   59  144   55  147  117  136   71   66
  142   88  113   63   28    2  153   22   89   84   97   98  113  183   58
  163   70   65  164  115   97  173   19  118   75  120  100   48  136  114
  145  138   67  132   23   49   83   14   56   13  171   20  136  163  176
   39    4   74  167  160   25   53   88    3  158   36   31   56   56   34
  157  186  145  104   78  150  138  131  184  129  132   56   44  159   74
  154  111   53   82  172  133  141  174   99  142  137  185  188  148  103
   82  197   64    9   75  129  148  145   86   87  132  173  156  162  116
  181  149   60   41  107   12  170   24  166   98   90   56   62   65   33
    2  132  104  181   17  144   36   38  101   10  196  191   77  187   53
  163   93   84  161  159  164    6  102  106  117   48  114  192  195   31
    0  111    0    0    0
    0    0   75  126    0
    0   57    0   84   54
    0  195    0    0   75
   70   74   84  102   30
   69   71  177  137  123
  134  190  140   43    1
  132  188  145   83   70
   24  147  190  147  176
  131  123  191   28   33
  176   47   58  124  163
   10    2  122   50  181
  144  169   51  136   84
   96   21    5   34  157
  113  165   59   17  165
   57  165  191  116  100
  119  188   39   23  179
   11  165    6  198   31
  115  149   57  122  161
   27   75  170   72  120

  Bi   hi   su   su
           time cost
 PSIZE,CV,TBO,TSCAP,AVGCAP =      2    2    2    2    8
