   20   20
    1
 2302
 1.00 0.80  54. 300.
 1.00 0.90  43. 300.
 1.00 0.90  65. 300.
 1.00 1.00  43. 300.
 1.00 0.90  21. 250.
 1.00 1.00  65. 150.
 1.00 0.90  43. 150.
 1.00 1.10  21. 150.
 1.00 0.90  32. 250.
 1.00 1.20  43. 250.
 1.00 0.80  54. 150.
 1.00 0.80  32. 250.
 1.00 0.80  65. 100.
 1.00 1.10  65. 200.
 1.00 0.80  43. 200.
 1.00 0.80  32. 300.
 1.00 1.10  65. 250.
 1.00 1.10  54. 250.
 1.00 1.20  32. 200.
 1.00 1.00  32. 150.
    0   48   94    0    0    4   73    0   54    0   16    0    0    0   48
    0   42    0    3    0    0    0    0    0   88    0    7    0  172   85
   77    0    0  111    0   42    0   48    0    0   65   20    0    0  149
    0    0  121   63  173    0   89  144  125  108  151    0  191   62  143
  155  141  111   52   77  154  167   66    9   54   42  162  110  192  128
  180  130   65   13   87  161   30   68  104  158  190  157  138   78   92
   72  170   94   44  158   69   94   95  122  154  130   60   79   96   30
  120   94   16   89  145  132   36  127  167  167  164   49   59  117  105
   87   68  125  172  109   10  140   79  185  122   80   25   50   74  154
  152  125   48  151  196   48   16   58    5  100  106  129  117   72   17
  104  101   75  155  185  155  162   26   41    4   59  109   71   70  151
   71   40  109   36  194  144  134   58  139   42  103  190  171  116  152
   88   99   81    1  194   60  102   20  151   51   71  127  168  171   75
    2    5   17   49  143  145  119   70   89  163   26   34  166    8   99
  153  187  177  172  114  137  198   58   64   55  156  155  183  142  110
   84   74  178   24    6   16   40   93  152  135    4  106  145  103  176
   73    9    6  147  155   49  130   74  131  166  127  151  178  141  139
  116   37  150   91   70    1   81   34   93    5   36  164  177   42  126
   67  128  199  133  135  146   84   70  149  193   48  138  120  127   95
  125   22  194   72  140   24  193   46   28  147  159   68   79  129  111
  166    0  173  178    0
    0  172    0  111  148
    0  153    0  182   91
   21   56    0   78    0
  161  122   61  150   74
  118   58  167  192    2
  162   18  194  105   18
  101  165  151   91   68
   93  155   51  145  134
   63   23  171  134   52
    8  113  148  162  180
   64   44   82   54  105
   29   16   27   18   67
   75   64  127  114   74
   39    8   96   54  105
  194   45   17   93  159
  108   50  189  189   22
  110   59  126  159   27
   68  162  178   65   51
   45  131  117  156   81

  Bi   hi   su   su
           time cost
 PSIZE,CV,TBO,TSCAP,AVGCAP =      2    2    2    2    9
