   20   20
    1
 2175
 1.00 1.00  11. 1000.
 1.00 1.20   5. 1000.
 1.00 1.00   8. 800.
 1.00 0.90   5. 400.
 1.00 1.00   8. 1000.
 1.00 1.00   5. 1200.
 1.00 1.20   5. 1200.
 1.00 1.10  17. 400.
 1.00 1.10   5. 600.
 1.00 1.10  14. 800.
 1.00 0.90   8. 1200.
 1.00 1.20   8. 1200.
 1.00 0.90  14. 400.
 1.00 0.90  17. 1000.
 1.00 0.90  14. 600.
 1.00 1.00   8. 1200.
 1.00 1.20  14. 1200.
 1.00 1.00  14. 1200.
 1.00 0.90  14. 800.
 1.00 1.20   8. 1000.
  167   19   60  184   72   13    0  100    0    0  124    0    0   20   17
    0   66    0    0  101    0    0  156    0    0    0  170   87  100    0
   94    0    0    0   58    0    0    0   53    0  144   92   28    0  111
    0  161    0    0    0   44    0    0    0    0  157   80   67  165  100
    6  133   75  113  154  199  140  177   23   11   54   20   35   29   57
   38   69   36  101   27  106  132   33  105   78  137   71   57   10  147
  167    6   82  191  137  117  115   56  173   46   72  183  165  135  103
   43  125  104   33  112  120   17  100  192  110   62   42   94  138   54
  195  111  148   77   12   96   19  190   69   58  129  181   30  120  184
  124   70   55    6  138  107  152   33  154  145  145  106  194   72   43
  160   37  115  102  196  109  131   99  162  148  196  170   64  109   16
  148   49  180  148   66  182    4  157   27   81    3   12   39  125  133
   80   48   87   41  191   79  100  158   15  102   29  106  119  157  171
  135  177   60  132  183  116  160  112   16   52  166   47  132  107  192
   74  160   26   53   83  175   38   15  145   57  157  146  124   84  131
  158   39  146   53  118  171   56  154  139   11   22   31  183  122  102
   22  102  159  108  199  186  130   19   34   34   91  197   96   48  167
  103   67   97   28  138  104  135  164  188   98  132   88   90  134  158
  107  108   91   91  115  149  154  129   56  166    9  109  118  129  123
  135  184   97   49   63  139  194   19  163  117   23  158   62  183   45
    0  131   81    0    0
    0    0    0    0  156
   96    0    0    0    0
    0    0    0    0   34
   83  141   47  124   62
  110    5    0  156   57
   53  145  112  128  164
   89    3   49   68  128
   11  187  122   71  174
   16  104   27   80  193
  180   41   96  154  129
   98  135    8  135   66
   56   53   17   21  168
   56   92    1   14   73
   89    4   62  129  151
  140    5  180  141  124
   87   28  109  148   93
   63  193   87   31   31
  107  161  184  199  115
  197   73   27   12   26

  Bi   hi   su   su
           time cost
 PSIZE,CV,TBO,TSCAP,AVGCAP =      2    2    4    1    8
