   20   20
    1
 2175
 1.00 1.20  14. 600.
 1.00 1.00  17. 400.
 1.00 0.80   5. 800.
 1.00 1.10  17. 1000.
 1.00 0.90  14. 1200.
 1.00 0.90   5. 1200.
 1.00 0.80   5. 1000.
 1.00 1.20  14. 800.
 1.00 1.20   5. 600.
 1.00 0.90   8. 800.
 1.00 0.80   8. 800.
 1.00 0.90  11. 400.
 1.00 0.80  17. 600.
 1.00 0.80  17. 1000.
 1.00 0.80  17. 1200.
 1.00 0.80  17. 600.
 1.00 0.80  17. 400.
 1.00 0.80  17. 400.
 1.00 1.20  14. 1200.
 1.00 0.90  14. 400.
    0    0    0    0    0    0    0    0    0    0  114    0  171  182   19
    0    0    0   55    0    0   24    0  185  172   57  150    0   99    0
  176    0    0    0    0   41   98    0   82   97  114  197    0   43  169
   94    9   47    0    0    0  156    0    0    0  151   61   32   37  133
   42  129  127   32   37  128  174  191   45  138  155   13  115  112   50
  125  181  156   99  174  109  197  163  117  120   79   35   15  172    9
   98  172   11  173   53  122  188  119  144  199   16    2   63  157   92
  161  189  133   11   68   74  195   17  138    3   80   11  162  191   30
  100   47  133  106  183   12  198  175  175  147   99  140  124   31   54
  174  135  133   17    4   71  156  126  116  194  197  125  110   70  158
  129   37   53  186  141  178  117   10  181  106  120  165  105  139  174
  103   80  169  124  113  193   11   13  183   86  196  132   53   26   81
  172  150  134  113  114  175   11  151  127   63  123  109  177  156  129
  195   40   75   51  144  127   22   77   22   53  112  139   24    5    8
  133   22  137  152  107   46  175  143  170   64  108   13   63   62    2
  113   19  161  112  111  169  190   78    5   44   15   94  178  172    7
  146   50    2  162   72  180   51  152  175   21   15   95  186    5   38
   30   52   41  173  180  191  101   21  169  137   85   35   73   83    9
   76  144  122   88   71  127   67  115   29   11    0   98  134  102   56
   61  148   69   66   76   22  159   74  113   68   22  119   58  154  123
   46    0  150    0  113
  194  153   84  112    0
  144  124   98   12   34
  193    0  153    0   70
   59  103   37  149   81
  159  197   86   95   75
   26   65  160   88  186
  146  133  137   50  173
   47  192   33  159  176
   38   47  135  118  129
  113   14   38  100    9
    6  130   59   75   79
   39   66   40   46  111
    3  146  174   61  161
   56  117  138  176  134
   55   61   68   25  140
  180   44  109    6   14
   24   66  177  174   30
   73   91  150   46   46
   23   16   84  119  124

  Bi   hi   su   su
           time cost
 PSIZE,CV,TBO,TSCAP,AVGCAP =      2    2    4    1    8
