   20   20
    1
 2466
 1.00 1.10  11. 800.
 1.00 0.90  17. 1000.
 1.00 1.00   5. 1000.
 1.00 1.10  17. 800.
 1.00 1.10  14. 400.
 1.00 1.10  14. 800.
 1.00 0.90  11. 1200.
 1.00 1.10   5. 600.
 1.00 1.00   8. 600.
 1.00 1.10   5. 800.
 1.00 1.20  17. 400.
 1.00 0.80   5. 1200.
 1.00 0.90   5. 1200.
 1.00 1.00  11. 400.
 1.00 1.20  14. 1000.
 1.00 0.90  17. 400.
 1.00 0.80  17. 1000.
 1.00 1.10   5. 400.
 1.00 0.90   8. 400.
 1.00 1.00   8. 1000.
    0    0    0    0  121    0   80    0    0   77    0  123   20    0   78
    0   58  127  170   83    0    0    0  185    0    0    0    0    0    9
    0    0    0   74    0   23    0    0    0  143  102   88   12   15  180
  141   72  141   32  135   54  113  129    0  134    0   45  117   39  153
   83   75   93   44   71  187   98   29   43  192   68  133   18    6   79
  171   63   95  157  151   48  156   21  152   49  149  178  161   46   67
  182  117   76  141  101  198  128   18   43   97  140  139   19  166  144
  145   88  193    0   55  126  194   21   67  182   92  145    0   15   86
  180   15  142   41   86   95  181   79   74  114  168   67  107   85  167
    3  182  177    5    0  153   41  198  116  152   67   25   43   35   21
   24  167  102    8   85  192   15  149   79  117   47    6   12   16  186
  125  186   81   50   91   45   90   88  106  121  167   13   22   11   67
  155   37  160  144   89  108  128   94  151   30  142  111  143   52  143
  172   40   48  124   53  186  141   80  184  107   12   64   74   33   39
  125  125   50  164   46  148  197   69  104  149  141  159  112  123  135
  183  132  153   52  160   16   92  159  186   29   78  166   26    9   22
  122  198   71  104  138   79    0  108  193  146  158   69  195  151   67
  154  189  185  194   79  177   81  119  148  115   24  181  178  120   22
   40  193  102  111   41   13  107   69  171  122  193  140   26    0  167
  194  193    9  106   97   38   97  188  102   55   60   63   39   64   31
  186  135    0  199    0
   73  122    0  155    0
    0    0  159    0   55
    0   57   49    0    0
  173   60   60   18  170
  154   41   88  112   54
   40  160  120   60  161
  137  110  172   23  143
   79   79  141  187  164
    6   47   21  104  183
   79  136  151  110  174
   65   86   82    4  108
  114   51   55   66   67
  137  196  152  163  155
  120   44   60  166  170
   48   88   54   63   90
   36   11  146  100   51
   26  162   53  101   73
  116   85   93   74    8
    3  142  148   48  178

  Bi   hi   su   su
           time cost
 PSIZE,CV,TBO,TSCAP,AVGCAP =      2    2    4    1    7
