   20   20
    1
 1946
 1.00 1.10   8. 800.
 1.00 1.00   8. 600.
 1.00 1.10  11. 1200.
 1.00 0.80  17. 1000.
 1.00 1.10  17. 600.
 1.00 1.00  17. 400.
 1.00 0.80  17. 800.
 1.00 0.90  11. 600.
 1.00 1.20  11. 400.
 1.00 1.00   8. 400.
 1.00 0.90   5. 1200.
 1.00 0.80  17. 1000.
 1.00 1.20   5. 1200.
 1.00 1.10  14. 1200.
 1.00 1.00  11. 600.
 1.00 1.10  17. 600.
 1.00 0.80  17. 400.
 1.00 1.10  11. 1200.
 1.00 1.20  11. 400.
 1.00 1.20   5. 1200.
   51  196   18  136  183    0    0  162  116    0  183  114    0   94  161
    0    0    0    0  121    0   46  146    0   12   95    0  160  166  109
    0    0    0    0   55    0    0    0   51   94   59    0    0   97    0
   36    0    0    0    0  130    0  196    0   50    0  164    0  142    0
   31  115  151   66  128    6  177  113  194  113  170  185   38   41  102
    1   81   30   72  123  140   43  109   10   41  156   86  198   47  194
  146  143   92   33  106   82   56   16  194  119   99  151  192  119  111
   36  123  150    4  197   45   92   95   31  174   73  194  122  111   96
   74  150  168    1   42   37   49  154    6  180  132   75  126  125   41
   57   38  114   81  186  115   40   73   42  100  170  185  145    5   41
   48  118   13   92  188  140   58   96    2   95   98  127  160  125   89
  174   72   89  146   38   30   37  148   76  111   36  187  100  144   41
  113   94  168  121    3    9   19   34   30   75  138  193  123   28   47
  111   56  104   60   82  107  172  137   65   62  185   54  140   79  181
   45  114   19   60  186   79   38  130  175  185    3  126   66   44   72
  169   90  126   13   35   93  190  150  198   59  172    7   53   50   27
   26    0  158   69  194   49   38  183   69  102   42   85   90  156   82
  132    1  116   21   57  154  131  159  195  177  110  177   43   30  192
  160  189  143   65  118   56   54   13  195  149  158  148   31   74  129
   26  169   94  150   21  197   93  130   16   17  157  104   93   35  110
   79   21    0    0    0
    0   12    0    0   73
   17  171  181    0   28
   60  158  124    0   52
  188  166    4   76  177
   39   78   81   53  114
   22  195   72   32   54
   94  197   76  141    6
   10   86  181   53   56
    5   56   88  175  103
   46   12   52    2  145
   63   12   99   38   83
   25  127   68   17  194
    0  146  198   91  114
  195  134   73  193  112
  106  138   64  148   40
   81  126  185   73   14
  186   77  130   32  118
  149   52  191  182   65
   86  145   51   20   56

  Bi   hi   su   su
           time cost
 PSIZE,CV,TBO,TSCAP,AVGCAP =      2    2    4    1    9
