   20   20
    1
 2345
 1.00 1.00  65. 400.
 1.00 1.10  65. 600.
 1.00 1.00  32. 400.
 1.00 0.90  65. 1000.
 1.00 1.20  43. 1000.
 1.00 0.90  54. 600.
 1.00 1.00  32. 1000.
 1.00 1.20  43. 1000.
 1.00 0.80  54. 400.
 1.00 0.90  43. 1000.
 1.00 1.10  43. 600.
 1.00 1.20  54. 600.
 1.00 1.10  43. 1000.
 1.00 0.90  65. 1000.
 1.00 1.20  32. 400.
 1.00 1.20  21. 600.
 1.00 0.80  32. 1200.
 1.00 0.90  32. 1000.
 1.00 0.80  65. 400.
 1.00 1.00  32. 400.
    0  141    4    0  138   39    0    0    3    0   59  120    0    0  194
   67  133    0   85   31  148  135    0   18    0   43    0  171    0    0
   37  193    0    0  126   54  177   91    0    0    0  131    0  198   65
   30    0    0  108   13   71    0  149  199    0  164    0   94    0    0
   10  183  112   44   24  146  182    6  172   89  197   12   94    8  146
   39   35   58   30   55   55   37  124  147   75    8  189  164  180   57
  161   51   95   64  171  161    2    5    6  193    5   80  193   60  114
  120   81  142  172  182  110  138  128   73  134  190   43  127  110  153
   69  197  166  135   93  197  187   51  103  103   97  157  135  163   82
  182  191   85   34  167    9   95   43   43   72    3   76  193   87  132
  150  145   67  180   89  139  191    9   23   51  100   91  146   18   11
  193   12   28   54   71  103  130   41   72   22  194   62  121   98   36
  102  107   16   98  187   94  117   34  125  178   41   10   87  188   82
   55  110  101   34   44  154   47   26  126   60  113   84  112  186  177
   27  137  107   62   71   28   33  143   86  199  147  116  135   71   75
   92  165   18  166  147   65  185   29  186  163    0  180  183  156  184
  112  140   29   26   92   73  111  161  151  122  134   22   26  154   10
  147  139   61  123  130   92  126  103  118  178   91  161  104  163  117
  183   21   51  114  165  151   95   88   68  113    8  104   95   43   45
   94   59   48  153    9  105   93  122   73  183   57   69   67   47  181
    0  122   10  149    0
   14    0   21    0    0
    0    0    0    0   79
    0    0    3  156    0
  129  110  137   24  120
  195  157   95   48   71
   85   14   45  139  157
   16   46  127   82  197
   24   26  139  130  174
  172  155  162  122  157
  107   86   68   27  153
   75   89   26  185  181
   38    9  109  119  136
   79    5  138  106  150
   82   85   55   88  192
   38  146   63   81   76
  108  101   45  110  196
   16   19  165  138   21
   78   25   64  158   88
  172  184  120  178   83

  Bi   hi   su   su
           time cost
 PSIZE,CV,TBO,TSCAP,AVGCAP =      2    2    4    2    8
