   20   20
    1
 2658
 1.00 0.90  21. 800.
 1.00 0.90  43. 1200.
 1.00 0.90  43. 600.
 1.00 1.20  32. 1200.
 1.00 1.10  65. 800.
 1.00 1.10  65. 800.
 1.00 1.10  54. 800.
 1.00 1.10  21. 600.
 1.00 1.20  65. 400.
 1.00 1.20  54. 1000.
 1.00 0.90  65. 1200.
 1.00 1.10  32. 800.
 1.00 0.80  32. 800.
 1.00 0.80  43. 600.
 1.00 1.10  21. 1200.
 1.00 0.80  21. 400.
 1.00 0.90  32. 600.
 1.00 1.20  21. 1000.
 1.00 1.10  54. 1200.
 1.00 0.80  21. 600.
    0    0    0    0    0  103  146   33   97   41  112   50    0   79    0
    0    0  140    0   42    0    0    0    0   83   77    0   62    0  164
    0  189  118    0    0  179    0  194  152   84    0  124    0    0    0
  172  198    0   90    0    0    0  170    0  112    0    0    0    0    0
   39   51  158    8  157  194  184  158   90  106    9  158  182  113   58
  196   31  115  150   58   26   27  128   62  107   33  191  156  118   82
  109  197   64    5   50   51   54   63   87  111   60   22  195   67  107
   30  155  181   33  136   50   80  187  126   89  147  136  147  183  106
   83   22  108  198  175  173  141  178  118  112   28  124   34   69   70
  185    4  140  128   55   68   75    1  144  177   91  175   80   24   44
   65   96  136  127   78   76  133  163  195  153   74  161   32  178   90
   96  184  188  155   41  183   35   34   92  192   67  126  193  113   69
  117   62  190   85   41    3   50   67  120  153  141  128  146  136  153
   30  155  182   32   30   89   19  142    6   72  138  121   30   68  103
  131  192  169  190  178   50   65  142  194   98   85   28   31  133   53
   18  143   23  164   91   69   94  197   75  136  183  187   55   23   41
  150   79   11  172   41   56  167   10    6  139  111   64   55  151  131
  191   17   71   37   89  150   60  131  181   12  111  104   36   38   97
   63  120   94  111    6  101  102    3  151  198  154   65   32    4  133
  195  181   34   45  165   95  184  199   13   87  158   15    6  102  101
    0    0   30   63    0
   10   29    0  192   34
   17  108   46    0   61
  176    0    0  166  197
  197  158   92  120   73
   62  157  102   82  187
  188   27   52   64  110
  106  190   48  160   48
   71   63  144   17   23
   42   52  137   80   11
   63  101  185  158  179
  134   18   98  178   42
   23   89   79  166  123
   51  137   89   59   84
   18   30   19   39   63
   40   68    8   40  166
   85   84   20   92  124
  194   38   72   49   51
   92    7  146  140  172
   94  156  149  150    6

  Bi   hi   su   su
           time cost
 PSIZE,CV,TBO,TSCAP,AVGCAP =      2    2    4    2    7
