   20   20
    1
 2345
 1.00 1.10  43. 800.
 1.00 1.10  54. 600.
 1.00 1.10  32. 1000.
 1.00 1.00  32. 600.
 1.00 1.20  21. 600.
 1.00 1.20  43. 400.
 1.00 0.80  65. 1200.
 1.00 1.10  21. 600.
 1.00 0.80  21. 1200.
 1.00 0.90  32. 800.
 1.00 1.20  43. 600.
 1.00 1.20  43. 600.
 1.00 1.00  32. 400.
 1.00 0.80  21. 1200.
 1.00 0.90  65. 1000.
 1.00 1.00  65. 1000.
 1.00 1.00  54. 1000.
 1.00 1.00  21. 600.
 1.00 1.10  65. 800.
 1.00 1.20  43. 400.
   16    0    0  121    0    0   46    0    0    0    0    0    0    0    0
  170    0   11    0    0    0  134    0  101    0   78  189   57  120  149
   37   51    0    0  100   15  140    0    0  113    0   56  179   79   91
    0    7    0    0   81   68    0  177  162    0  187    0    0    0  156
  101  148  153   33  147  113   15  144   55  149  123   58  128  179   21
   27   14   34   77  119  174  163  191   29   35  149  102   45  103  161
   16  144   46  193   50  146  155  155  187  167  113  168  170   79  156
  102   98  174   21  117   55  153  142   35  143   68  101  144   33   20
    7   83  188  115   18  144   28   87   25   98  108   62   58  189  115
   15   89  150  161  158  156   75  140    7  194    1   50   87   31  131
  158  156  171  165   26   17   66   39   38   77   77  145  117   53  140
  131  124  197  154   64  130  135   63  165  141   38   72   47  144  165
  136   50   80  184  112  138  118  108  108   85  156  117   75   35   45
   35  115  114   63   27  187  187  124  177  140   40  189   82   31  169
   23  186   12   75  103   99   69  138  142  144   26  174  115  129  147
  182    2   46   55  113  123  125   64   47  105  150  134  113  110  158
   93   39  134  189   31  165   29   31  127   13  128  183   45  199   88
   78   62   82   94  102   56   67   61  161  139   54  178   94   80  133
  130  137  173   23  142  171  173  171   41   63   10   87  189  185    1
   31  120  181  191   97  195   45    5   28  116  186   53   23   57  133
  191    0  146   30   80
    0    0    0   53   19
    0  199    0    0  120
  192  184    0  119    0
  186   30  185  146  113
  113    8  105  100   61
  162   21  109    8   29
   18  124  119  126  101
  116   73  132  176   80
   37   41  109   28  148
   90  142  103    0   22
   26   21   89   97   66
  151   20   86   95  173
   45  107  179  180  140
  137  152  109  158   44
  145    9  162   10  143
   90  132   52   18   41
  134   34   97   29  144
   18   94  151   23    7
   15  189  102   45    3

  Bi   hi   su   su
           time cost
 PSIZE,CV,TBO,TSCAP,AVGCAP =      2    2    4    2    8
