   20   20
    1
 2466
 1.00 0.90   5. 1000.
 1.00 1.10  11. 400.
 1.00 0.80  11. 800.
 1.00 1.00   8. 1200.
 1.00 0.90  17. 1000.
 1.00 1.00   8. 400.
 1.00 0.90  17. 600.
 1.00 1.00  11. 1200.
 1.00 0.90  11. 800.
 1.00 0.80  14. 1200.
 1.00 0.90  11. 1200.
 1.00 0.90  11. 800.
 1.00 0.90  11. 1200.
 1.00 1.10   5. 1200.
 1.00 1.20  17. 400.
 1.00 1.20  11. 1000.
 1.00 1.00  14. 1000.
 1.00 0.90   5. 1000.
 1.00 1.20  11. 400.
 1.00 0.80  17. 400.
    0  150  132    0  169   60    0    0    0   66   13    0    0    0  184
   66   56  142   71    0   57    0   88    0    0    0    0    0    2    0
   87    5  178    0    0    0    0    0   55    0   74   54  168    0    0
    0    0    0    0    0    0    0    0  186  112  114    0    0    0    0
  124   57   10  145  104  183  124  109   71  166   81  103  154  173  198
    6   49   38  184   72   13   37  104   36  133    5  131   78   43  171
   11   38  129  168   49   37  178   43   24  153   24   94   97   23  113
  181   19  158   94  129  101  183  152  160   39  128  156   95   49  183
   34   63   71   23  105  164  116  108  121  154  140   13   27   40  196
  154   63   21  163  103  141  100  196  122    2  194   50  144  138  175
   26  164   66  164  107  159   69  188  112  105  138  170  198  111   20
   39   54  169   38  159  132  132  135   52    2  140  147   57   35   98
  167  137  197  154  170  179    6  195   12    9  146  120   63   74   41
  105  124  193  133  177  179  153  199   42   61  181   46   19   95  152
  114   22  178  173   18  108   30  171   69  196  159  101  162  133   10
  162   28  149  167  101  102   99   78   85   79   97   37  196  145   23
   24   40   28    0  150   20  198  105   92   17   13  124  165   75   76
  109  130  199  116   44   91  101  173   88   89   22  167  119  199  198
  197  181   14   25   27  134   87   75  153   82   99  128  157    6   55
  124    4   92   62   85  104  138   77   85   88   44  106  180   95  172
    0  129   41   79    0
  141   12    0    0  196
    0    0  176  199    0
  152    0  152  113  177
  187   42  147   33   91
  157  176   89   67    3
    8   99   76   71   19
  166   35  167  199   38
  117   68  194   59  198
   26  147  170   33   21
   88  103    4  153  197
   22  199   89  197  118
   92  131   31  103   87
  123   38  199  156  160
  164    9   20   38   51
  149   10   39  143   33
  154  176  114  106  129
   98  149   84   45   33
   78  127  115  177    9
  130  123   97   11  138

  Bi   hi   su   su
           time cost
 PSIZE,CV,TBO,TSCAP,AVGCAP =      2    2    4    1    7
