   20   20
    1
 2345
 1.00 0.80  54. 1000.
 1.00 0.90  21. 800.
 1.00 1.10  21. 1200.
 1.00 0.80  54. 400.
 1.00 1.00  43. 1200.
 1.00 0.90  65. 1000.
 1.00 0.90  21. 1000.
 1.00 1.10  43. 1200.
 1.00 1.20  43. 800.
 1.00 1.00  32. 400.
 1.00 0.90  54. 600.
 1.00 0.90  43. 600.
 1.00 0.90  54. 1200.
 1.00 1.20  43. 400.
 1.00 0.80  21. 600.
 1.00 1.10  21. 1200.
 1.00 1.00  54. 400.
 1.00 1.20  32. 1000.
 1.00 1.10  65. 1000.
 1.00 1.00  43. 1000.
   69  189    0   95  152  126    0    0   92    0   21  183   12   98   29
    0    0   51  188    0   57   15    0    0    0  147  145    0  123    0
   84    0   66  152    0    0    0    0    0  146  121   70   78  102    0
    8    0  117    0  116    0    0    0  187  169   26    0  165   46  140
   32   71   97    2  182  184   45   88   72   34  166    2   66  179  191
   40  176    5  112  165  166  177  125  160   43  156   68  102  151   66
   73  156  113  148  167    4  169   93   44   64  189   59   37   90  162
   65   93  127   97   78   99   62   26  196   47    7   22   63  178   12
  139   37  177   43   27  170   90  121  192   41    9   79  156   64    8
  177  137   26   30  144  117  160    3   15   59   17  173  196  177  101
  192   34   57   39  119   95  131    9  171   52   28  102  102  199  127
   27   85   18  173  188  130  105  101  168  166  152  190    8  122  195
   94  103   56  166    4   77  183   30  107  115  131   52   33  123  180
  132   24   53   95   44   51  106  124   81   19    1   34  194  160   22
  167  138  102  125  123   32  169   44   91  106   97   36  187  100   47
   69  162   72  180  146  153  143  135  172  133  139   64   39   58  194
   62   46  119   31  197    1   26  147  169  126  123   31   68   88  171
   71  146  171   47  198   59   70   50  176  114  105  123  188  106  176
   80    3   19   84   87   42  102  179   17  160  127  195   21  158   80
   37   11  136   42   33   19   17  127  139   15  144   56   58   40  115
    0  118    0  150    0
    0   81   15   81    0
  134  188    0  147    0
  150    0  140  145  149
    4  190    6   15   29
   30   84  188    0   86
  113  111   59  119  119
   35   96   12   48  177
   73  128   58   81  124
  124  125   54   87  190
  106   25  156   28  197
   56  167   16  140   24
   67  117  142    0  134
  128  106  121   66  157
  131   97  153  108   46
  142   26   89   54   58
   83   73  175   14   72
   66   45  171  137  165
  155  148  152  124   45
   69   19  191   83   20

  Bi   hi   su   su
           time cost
 PSIZE,CV,TBO,TSCAP,AVGCAP =      2    2    4    2    8
