   20   20
    1
 2098
 1.00 0.80  65. 400.
 1.00 0.80  32. 800.
 1.00 0.90  32. 400.
 1.00 1.20  54. 800.
 1.00 0.90  54. 800.
 1.00 1.20  43. 1200.
 1.00 0.80  43. 1000.
 1.00 1.10  21. 600.
 1.00 0.80  32. 1000.
 1.00 1.20  32. 1000.
 1.00 1.00  65. 600.
 1.00 1.20  43. 600.
 1.00 0.90  43. 400.
 1.00 0.90  21. 400.
 1.00 1.00  54. 1000.
 1.00 1.00  21. 400.
 1.00 1.00  43. 400.
 1.00 0.90  54. 600.
 1.00 0.90  54. 1000.
 1.00 0.90  65. 600.
    5    0    0  179    0  140    0   13   37    0   19    0  175    0  131
    0    0  123    0   46    0  158    0   14    0  102    0    0    0    0
    0    6    0  162    0    8  180    0    0    0    0  123   60  137    0
    0  168   49    0    0    0    0    0    0  129    0    0    0  145   59
  172  184   25   68  142   71   25   10   37  131  183  124    3  191   19
   22   55  135   44   50  105  123   86  152  187  190   42  122   94   96
   78  100  160   29  171   80  155   48   27  125   44  126   94   68   66
  138  181  161  126   81  198  185   25  163   72  172  107  192  155   12
   27  125   46   39   16  141   28   12   15  184   73   18   60  192  121
   70   69   54    6  144  137  173   21  127  107   34   98   35   69   64
  140  189   93  191  148  186    6  143  128   32  133   42  154   62  116
   69   66  178  182   65  129  116   73   31   36  131  195   90   31  110
   29   37  156  126   20  175  182  187   63   73   34  152  130  173   77
   48  181  159  121  170  125  110   65   63  194   97   82  121  147  198
   71  125  154    7   85    0  160   80  136   46  159   55  138   58   14
  145  139  177  132  194   76   59  183   74   30  125   16   59   10  129
   91   93  125   93   71  190  112  192   13  136   29  153  182   51   40
  155  138  195  134  172  142  191  183   73  130  165  132  187   34  101
   66   80  142   81   75  109   30   66  119   62   79   71  198  155   66
  144  130   34   25   40   14  126  162   45  157   53  140   91  148   33
    0    0   29  170    0
    0    0   30  138    0
    0    0  140  113    0
   63   44    0    0  128
   81   74   94  166  103
   23  122   58   30   59
   55  130   18   34   42
    7  132   58   58   26
  120   51  106  121   69
   65   15   96  193  144
   83  181  174   98   35
  120  137   50   71  138
  120   84   59   20  187
   87  187  178   74  169
  156  136   72  177   28
   16   28   28  109  148
  183   40  170  168  149
   49  138  111  176   31
   27  169   87    6  182
  187  128  105  114  136

  Bi   hi   su   su
           time cost
 PSIZE,CV,TBO,TSCAP,AVGCAP =      2    2    4    2    9
