   20   20
    1
 2658
 1.00 0.80  32. 1000.
 1.00 1.00  43. 800.
 1.00 1.00  43. 400.
 1.00 1.10  21. 1000.
 1.00 1.20  54. 800.
 1.00 0.90  21. 1200.
 1.00 0.80  21. 1200.
 1.00 1.10  32. 1000.
 1.00 0.90  32. 800.
 1.00 1.00  32. 800.
 1.00 0.80  54. 600.
 1.00 1.20  54. 1000.
 1.00 1.10  21. 1200.
 1.00 1.10  65. 1000.
 1.00 0.90  65. 600.
 1.00 0.80  21. 1000.
 1.00 1.20  65. 600.
 1.00 1.00  65. 1200.
 1.00 1.20  43. 800.
 1.00 0.80  32. 600.
    0    0    0    0  196  197    0    0  126   71   40    0    0  179  182
    0    0  116  116    0  109    0  147  195    0    0    0   94    0    0
   21   32    0    0    2   33  180    0  161    0   60   16  158  120    0
   24    0    0   68    0   38    0  166   71    0   38   22    0   25    0
  130   75  138   92   69   90  175  186  107   98  130  182  124   13  151
    0  137  157   31  107  109   99   24  198   71  106  152   35  175   41
  153  118  197   96   51   85    9  114  140  115  180   26  108  156  146
  193   56   88  179  121   22   25  149  194  152  178   37  182   66  103
    1   63  171  170  155  172  184  117   64  105    1  120   49   89   46
   14   98   14   47  155   27   99   95   78   21   36   26   30  139   98
  139  174   13  171   21   43   62  186   62  171  182   18  141    9   96
  149  169  115   62  107   30   71  122   37  107   53  114  146   43   64
   11   93    8  153  167  168   66  137  159   43   66    2   19   94  144
  174   14  179   61  121  109   93  195  173   83   58  128  179   18   68
  196  119   80  152  132  181    9  193  175  118  136  156  138   90  157
   66    0    4   24  101  142  121    0  191   48  151  196   43  189   49
   91  176   82  133  110  106  161   87  169   77   57  162  177   58  120
  115   43   99  153  197   33   22   30  179  115  187   65   89  101  191
  121   31   74  130   59  178   42  117   64    5   52   61   99  196   29
   68  173   42  153   62  120  102  161  117   36   37   99   10  116  144
    0  112    0    0    0
   91  197    0  156   33
   23  155   44    0    0
   75  149   60    0    0
  109  165  183   71  115
   31   21   40   52  150
  128   10  198  199  107
   64  115   53  151  152
  112  196   36  143   65
  192   24   97  118   21
   43  138  170  100   73
  193   87  131  164  116
  182   19   51  131   60
    8   40  163  134   17
  190  165   77  186   44
   75  166   49   51   58
  137  147  183    1  131
  190  112   85  129   71
    3  159   44  175  160
  119   73    9  106  100

  Bi   hi   su   su
           time cost
 PSIZE,CV,TBO,TSCAP,AVGCAP =      2    2    4    2    7
