   20   20
    1
 2658
 1.00 1.00  65. 400.
 1.00 1.10  21. 600.
 1.00 1.20  65. 800.
 1.00 0.90  54. 800.
 1.00 1.20  54. 1200.
 1.00 0.90  43. 600.
 1.00 1.10  65. 800.
 1.00 1.20  43. 800.
 1.00 1.20  43. 800.
 1.00 0.80  32. 400.
 1.00 0.80  65. 1000.
 1.00 0.90  32. 1000.
 1.00 1.20  21. 800.
 1.00 1.00  32. 1000.
 1.00 0.90  21. 400.
 1.00 0.90  32. 1200.
 1.00 1.00  32. 600.
 1.00 1.00  65. 400.
 1.00 1.00  21. 600.
 1.00 0.80  32. 400.
   30  121    0    0  144  156    0    0   85   37    0    0  104    0    0
    0    0    0    3    0  143    0    5    0   98    0  173    0    0    0
    0  177   73    0    0  126    0    0    0    0    0    0  196    0  150
    0  111    0    0   29    0   69   77    0   90    0    0  178  146    0
  113  128   50   43    3   35  178   62   33   38  127  157    7  164   36
  133   96   29  151  168  189  180   68  122   60   44  121   65  182   16
   73  178   27  123   37   98    0   65  187   43  153   50   51   53   52
  182   37   57    3  107  159  171  144    8  167   46  124   64  149   43
   97   80  111    8   14   12  143   77   50   22   77   21   50  105  127
  126   90   51   26  101  115   76  155  178  115  198  125    1   68  163
  145  190   60  133  187   26   55   94   17   93  159   72  105   39  140
  185  125   99  108  146  194  169   76  149   45  155   44  101  161   24
  178  178  147  172  138  170   95   49   77  182   21   63  188   59   46
   99  171   97  154  118  190   58  121  143  175  193   45  123   66  171
  123   88  161  123  164   83   24   17   82   99  126  150  183   76   46
  169   30   11  195  170  171  167   36   59   31   50   20   67  189  136
   11  192  152   96   89  168  153   78   84   73  175   10  147  119   53
  144   33   13  181   75   54   60   71   48   54   88  198   26   73  161
   70  114    6   77  165  130   77   51   24   85   47   41   23  172  132
   84  196  145  125  100   11   19    7   73  136  198   69   94  196   70
    0    0  174   56    0
   95  137    0    0   96
    0    0  172  122    0
  122  120    0    0  146
  182   76  154  174   98
   27   17   60    6   97
   33  131   22   43   62
  143  196  101   85    6
  108   37   13  139   44
  184   84  183  173   81
   19  166  140  119  105
  135  126  180  145   44
  142  169  160  112  116
  148  127  190   89   65
    7   24   81   26  146
   26  135  103  158   90
  124    2  178  159   40
   38  116   99   72   52
  140   74   56  183  102
   14   55    1  109  190

  Bi   hi   su   su
           time cost
 PSIZE,CV,TBO,TSCAP,AVGCAP =      2    2    4    2    7
