   20   20
    1
 2466
 1.00 1.20  11. 800.
 1.00 0.80  17. 1200.
 1.00 0.80  17. 1200.
 1.00 1.20   8. 1000.
 1.00 0.90  11. 400.
 1.00 1.20  11. 1200.
 1.00 1.10  17. 400.
 1.00 0.80   5. 800.
 1.00 1.20  17. 1200.
 1.00 1.00  14. 1000.
 1.00 0.90   8. 1000.
 1.00 1.00   5. 800.
 1.00 0.80   8. 600.
 1.00 1.20  11. 1000.
 1.00 0.90   8. 400.
 1.00 1.00  17. 400.
 1.00 1.10  14. 800.
 1.00 1.10  17. 400.
 1.00 0.80  11. 600.
 1.00 1.00  17. 1200.
  155   14   17  180   32    0    0  193   54   70  101    0    0  158   31
  144    0    0    0  168  192   94    0   92    0  186    0    9    0  159
    0  134    0    0    0    0  185    0    0    0    0    0   22    0    5
   22    1    0   14    0  120   94    0    0    0    0  190    0    0   13
  150   41   20  146   21  132  136   55    7  144  129   30  111  136  116
  114   19   63    2   43   33   13  176   47   66  135   43   48   96   94
  178   96   97  108   66   55   30   83  186  102   62  110   42  127  120
   48  159   38  135  196  167  144   41  163  121   46  162   79  115   38
  183   62   96  167  100   95   65  182   13    6  120    5  128   55   68
   60    1   65  186   30   87    4  170   99   64   41   73   29  125   21
   67   44  156   60  191  107  158  160   94   18  104    5   48   37  190
   68  183   97  161  153   32   46  187    8   45  199   86   80  188  138
  177   66  140  168   75   50   38  176   26   32  160  192  150   86  145
  131  197    1   24  135  123  162   61   55  177   76  188   62  163  137
  113  164  151  102   22  167  120  108   92  190  154   21  170  150   46
  105    9  166   32   43  171  146  120  165  106   44   70  185   95  130
  151  182   67  198   87  196   19  149   40   26  188    4  109  161   68
   63   48  114  195  119   89  197  111   33   65   88  101   91   42   68
   49   22   89   89  121   97  126  167   68   23  127   87   25   96  100
   30  169   56   68   62  165  148  171   31    2  133  105  182  113   49
    1  123   63    0  151
  151    0    0  142    0
    0   93    0  152   84
  164    0   94    0    0
  114  154   92  149  134
   96  123   50  178  130
    2   11   49  191   14
  168  178   18   73   38
   74    0   39   38   74
   84   74  175  107  177
  111   84   33  163  198
  147   68   72   81  107
  153   53   70  105  150
  124  158  133  149  114
   47   72  166   73  155
  107  107   87   73   50
   65   78   48  199   59
  194  159   20   23  156
  125  138  122  134   23
  148  173   38   28   26

  Bi   hi   su   su
           time cost
 PSIZE,CV,TBO,TSCAP,AVGCAP =      2    2    4    1    7
