   20   20
    1
 1946
 1.00 0.90  14. 1200.
 1.00 1.00   8. 1200.
 1.00 1.10  14. 1000.
 1.00 0.90   5. 1200.
 1.00 1.20   5. 1000.
 1.00 1.00   5. 1000.
 1.00 1.00   5. 800.
 1.00 0.90   5. 400.
 1.00 1.20  11. 1200.
 1.00 1.10   5. 1200.
 1.00 1.00  14. 600.
 1.00 1.10  11. 800.
 1.00 1.10   5. 800.
 1.00 1.10   5. 800.
 1.00 1.20   5. 600.
 1.00 0.90  17. 1200.
 1.00 1.00  11. 400.
 1.00 1.20  11. 1200.
 1.00 1.20   8. 400.
 1.00 1.10  17. 800.
    0   29   60    0  195    0    0  105  127  112    0    0    0   11   88
    0    0   73   34    0    0    0   35    0  101  181    0   10    0   98
    0   58   35    0  153    0  190    0    0  113    0   93    0  174    0
    6   59   97    0    0    0    0   95    0  149  120    0    0  113    0
  176   24   20  103  185  139  179  138   16   62   21  169  139   95   78
  159  178  182   67    1  103  151  156   25   79    9  160  192   58    7
  199  130  120  183    3   42   24  164   86  139  123  132   97  146  172
  156  131   48  103  132  151   37  187   96  125   67   28  169   69  114
  138  105  136  165   83   17   78   73   19  164  127   66   43   65    3
  143    0   25  148  189  127  183   53   43  180  196  128   34  144   81
  199  150   34  175   59   39  102    2  149  198  169   40  173  186  126
  104   56   52    8  183  130   40  163  132  198  100   64  132  148  125
  159   54  135   50  187  175   61  155   96  168  199   32  102   67    7
   55   17    3   66  164  104  141  195   14   18  180   22   83   54    5
   71   53  186  147  109   95    2  199   76  122    3  199   71   94   83
   71   75   79   72    3  176  141   54  162    5   10   17    8   95   54
  102   14  121  137   42  123   94  194   62  115   77  158   88  102  194
   58   24   21  111   17  164  151  100   13  127  183  149  145  182   12
   22   16  100    2   61  146   48  195   32   32   99   54   86  181  150
   10   44  168  129   46    6   18   53  159  192   62  129  155   83  188
  188   67    0  166    0
   37    0  120  137    0
  119    0    0    0   42
    0   66  172    0    0
  116   54   52   23   66
  115  168   57   81  129
  146  116   37   54  190
    5   78  180    6  181
   27  133   89   90  131
   62   67    7  139   99
  197  139  186   75  122
   73  166  164   53  189
  135   78  114  139  108
  138  112   77  185  138
  149   98  123  138   35
  105   93  122  172  126
    2   57  123  163   70
  101   49   32  155  162
  166   88   36   59   24
  112    5   84   18  173

  Bi   hi   su   su
           time cost
 PSIZE,CV,TBO,TSCAP,AVGCAP =      2    2    4    1    9
