   20   20
    1
 2345
 1.00 1.20  21. 400.
 1.00 1.00  21. 600.
 1.00 0.80  65. 400.
 1.00 0.80  21. 1000.
 1.00 0.90  54. 1000.
 1.00 0.90  43. 600.
 1.00 0.80  32. 1200.
 1.00 1.10  54. 400.
 1.00 0.90  32. 400.
 1.00 1.20  43. 800.
 1.00 1.10  32. 600.
 1.00 1.20  32. 1200.
 1.00 0.80  43. 1000.
 1.00 0.80  43. 800.
 1.00 1.00  32. 800.
 1.00 1.10  21. 400.
 1.00 0.80  65. 600.
 1.00 1.20  43. 1000.
 1.00 1.00  43. 1200.
 1.00 1.20  54. 400.
    0  132  115    0  104    0    0    0    0    0    0    0  179    0    9
    0   73   77  170    0   80   99    0   33    0    0   67    0    0    0
    0   70    0    0  106    0  136   49    0    0  184    0   85  159   33
    0    0    0  176    0  115   23    0  158   44  182    0  125    0   95
   86   79  189   47  162   64   68  197  171   59  174   21  124   88   52
  131  115   52  145  127    9  102   79  168  125  129   72   23   98  130
  132   50  109  147  187  128  197   22   51  109  137  130  189  161  166
  198   85  179  149  175   39   22  179  186   80  140  170   84  183   76
   54    5  141  127  139  111  167   85  110  170  106  105  182   17  132
   33  189  143   69    5   10   11  180   87  123  124   58  114  102    5
    6   41  186   55   35  112  100  111  158   37   33   65   90  109   20
  160  129  106   17    6   74  156  199  124   89   58   79  110  110  176
   98   14   50  167   71   33  169   31  112  136   10  136   56   16  192
  183   98   65   56  150  113  199   44  170  130  142    4   59  117  106
   28  117  187  147  106  180   91   51   21   70  190  121   39   22  179
  158   34  113  115  183  146  125   93  172  149   25   35  180   69  129
  104   96   45   51   95   60   50  156    9   81  165  197   45   93  107
  117   14    4   97   92  177  180   61  116   90  121  191   39  199  148
   81  176  157  140  194  110   53   89    9   86  191    8  111  136  114
  155  183   42   77   42   68  195   66   29  180  128   53   62   92  140
  173    0    0    0    0
    0    0    0   89  144
    0    0    0    0   44
    0    0   96  132    0
   53   46    0  183    0
   76  142  108  128   90
  107   41   41   71   22
  144  118   68   91  189
  173   57  148   97  121
   67  119  156  163   22
    7   55   67   70  180
   41  131  143    5   58
  112   72   59    9  121
    6   37  167  178   28
  185  174   66  161   85
  196  104  105   95  130
  187   25   50   71  137
  116   26  189    1   89
  109   43  138  172    8
  183   51  136   87   57

  Bi   hi   su   su
           time cost
 PSIZE,CV,TBO,TSCAP,AVGCAP =      2    2    4    2    8
