   20   20
    1
 2098
 1.00 1.10  21. 1000.
 1.00 1.00  54. 1000.
 1.00 1.20  54. 800.
 1.00 0.90  65. 1200.
 1.00 1.00  32. 400.
 1.00 1.00  21. 1200.
 1.00 0.80  65. 600.
 1.00 1.10  43. 1200.
 1.00 0.80  65. 800.
 1.00 0.80  54. 800.
 1.00 1.10  21. 400.
 1.00 1.20  21. 400.
 1.00 0.80  32. 1200.
 1.00 1.10  43. 600.
 1.00 0.80  54. 600.
 1.00 0.80  65. 400.
 1.00 0.80  54. 1200.
 1.00 1.00  43. 800.
 1.00 1.00  65. 800.
 1.00 1.00  43. 800.
  158    0    0    0    0    0  148    0   57    0    0   86    0   88    0
    0  104  121   81    0    0    0    0    0    0    0    0  191    0  191
  110  118   24    0    0  126   45    0    0    0    0    0    0   25   47
  136  171    0    3   89    0   13  107    0    0    0   10    0    0    0
   46   11   48  192   18   65   30  191  176   32   76  121  199   81  153
  151  112   83   12   51  195   11  104   68  194   53   61   90  144  117
   69   94   98   33  165    6   96   72  172    3  132   94  126  183  160
  171  152  151   84  132   92  116   46    2  196   59   83  119  132  134
   54   18   21  169  133   66  194   69   24   30  158    0   14   82  123
  132  133  142   77  162  108   80   31   83  173   26   62  131  165  124
  155  162   26  143  147  138  153    7  196   11  196  179   11   27   57
  130  106    8  154  171  181  115  170  172  167   27   11   19   13  104
   16   36   71   63  147   33  197  185   41  152   69   35   90  179    6
  148    3  112  186   78  131  136  165  185  179   93   69   75  196   17
  156  135   71  178   49   57   95    9   36  137   26  126   55  187  131
   38   64   39   52  163   26   32  153  157   12  192  147  164    3   86
  169  166  139   24  196   60  192  110   64  159   97   38  103   22  157
   64  152   61   25  195   47  118   28   77  171   61   83  109   74  185
  181  114   67    9  153  160  128    2  152   20  174  177   68  149  105
  147  165    8    6  162   40  122  107   73  103   15   13  144   74   24
   56    0    5    0   57
   84   33    0   89  105
   54  101   71  126    0
  169    4   56   93    0
  136  198  164   15  162
  158  192   68   30  171
    7  138   96   90  172
   46   70  172  117   56
  158  149   33   79  132
   39  105   21  142  185
  100   31  135   60   45
   52   31  119  167   29
  197   23  161   78   23
  130  155  176    5  109
   12  190  132  103   75
   40   94  159   65  102
   64  101  181   32  137
   64   91  125    3  184
   62  183   47  105  152
  188   16   84  115   98

  Bi   hi   su   su
           time cost
 PSIZE,CV,TBO,TSCAP,AVGCAP =      2    2    4    2    9
