   20   20
    1
 2098
 1.00 0.80  21. 800.
 1.00 1.20  32. 1000.
 1.00 1.20  65. 800.
 1.00 0.80  54. 1200.
 1.00 1.20  65. 1200.
 1.00 1.10  43. 1000.
 1.00 0.90  43. 1000.
 1.00 1.20  54. 800.
 1.00 0.90  43. 600.
 1.00 1.20  65. 1000.
 1.00 1.20  65. 600.
 1.00 0.80  32. 1200.
 1.00 0.80  32. 400.
 1.00 1.10  54. 800.
 1.00 1.00  54. 1000.
 1.00 0.80  43. 800.
 1.00 1.10  43. 400.
 1.00 1.00  43. 800.
 1.00 0.80  21. 1000.
 1.00 1.00  21. 400.
    0   28  198   32    7    0  178   30  146    0    5   72  144   53    0
    0  122  122    0    0  193    0    0    0  190    0   45  153    0  178
   54    0  158    0    0    0    0    0    0   35   92    0   17   27    0
    0    0  166    0    0    0    0   97   94    0  181    0    0    0    0
  102    7  179  120  116   36   41  120   95   19    0   22  132  126  101
   94  179   78   83  172  120   67  169  125   17   61   15  137   14  158
   75   64   26  176  128  184   47    1  183    0   23  138  146  167   21
   66  182    6  167   64  129  137  182   74   36   60   34   69   67  149
  157  189   58  129  186   55   34  101   53   57   64   67  195   66    2
  176  111  190  110  177  150   91   77   39  154   95  165  193  120  112
  134  103  164   26   25  120   31   83  175  138  145   63  187   58   47
  104  170   57  164  186  189  140   55   79  135   50  187  176   67   47
   79    2  121   45   59  149   90   75   37  155  119   93  117   44  186
   91   59  175   28   48   41    6   69  123  156   35   40  121  104   62
    5  175  113  110   54  100   62  120   97   34  173   45   72  183   70
   37    1   69  170   15   16  158  117   60  181   51   49   34  160  173
  120  101  158    9   67   88  177  111   83   19   91  131   35   27   39
   41   70   15   58   13  158  147  120  158  164  116  109  129  187  161
  197  116  161   14   74   84  103  137  178  154  107   33  194  169  174
  192  134  199   88   85    9   11  188  131    9  169   48  122   36    0
    0    0    0    0    0
    0   96  180    0   41
    0    0   17   10    0
    0   38    0   24    0
  108   37   13  142   60
  143   95   50  188  179
  173  162  188  123  162
   19   91  129  127  130
   15   66   28   70  127
   18   64   21  145    3
  154   25   93   86  173
  176  148   88  177  111
   29  176  104  146  125
   89  129   40  172  181
    6   12   17  189   83
   48  187  198  184  127
  193  108  145  188   42
   83  151    4   90   63
   83  151  109   65   69
   73  199   45   81   36

  Bi   hi   su   su
           time cost
 PSIZE,CV,TBO,TSCAP,AVGCAP =      2    2    4    2    9
