   20   20
    1
 2175
 1.00 0.90  11. 800.
 1.00 0.90  14. 400.
 1.00 0.80  17. 1000.
 1.00 0.80  14. 600.
 1.00 0.80   8. 400.
 1.00 1.00  14. 600.
 1.00 1.20   8. 1200.
 1.00 1.10  11. 800.
 1.00 1.10   5. 800.
 1.00 0.80  14. 600.
 1.00 1.10   5. 800.
 1.00 1.00   8. 600.
 1.00 1.00   5. 1200.
 1.00 1.00  14. 1200.
 1.00 0.90  14. 1000.
 1.00 1.20  11. 1200.
 1.00 1.20  14. 400.
 1.00 0.80  17. 800.
 1.00 0.90  17. 1200.
 1.00 1.20   8. 1200.
   74    0   65  107    0    0    0    0    0   49    0    0   75    0    0
    0  136    0  162   61  144   45   88   77   62   96    0  104    0    0
   89  177  102    0    0    0    0  155  188    0    0   92    0    0    0
   42    0  123   18   83   92  182   10    0    5   55    0    0    0  160
  149   59  132  193   70   38   97  194  137  194  141  118   90  109  126
   26  124   42  121   85   58   11  137   53   95   41  132  151   38   95
  168   13  113  101  108  139  149  181   72  139   20  180    5  182  151
   49  148  167  112   60  117  105   96   39   12  116  130   41  170  165
  199  141   78  175  172   35  117  130  136  169   12  101   46   12   62
  107  123  168    2   52   90   26   79  198  191   67  133  124   89  153
  156  182   27  198   40  155   92  140   79   82  161   70  173   25  155
  156    3   43   30  189  169   12    3  111  182  163   32   65  101  174
   91   52   29  108  133  117  146  120   63  180   20  168  139    4  177
    0  193   57   96   14  161  154   44  102  169  160  109    3   98  107
  116   28    0  146  199    1   12   61   53  173   69   82  131    8   65
  189  189  124  162   60  142   40  171  183   21   50  113  166   63  137
   63   56  169   24   77    3   40    7   82  185    1  115   21   63  184
    1   15   85  127   60    9  109  116   17   29   23   69  175   42  135
  102   84   95   92   90  107  108   91  192   69  139   43   14   96  199
  153  129   64   16  113   78  182  116  170   62  196  117   69  100   37
  166    0    0    0    0
   85  129    0  122    0
  111  155  117    0    0
    0    0  109    0  128
  174  110  198  161   98
  181   80   83   56   12
   64   48  114  190   86
  130   78   50   11   17
   60  197  144   15    7
   75  163   37   97  197
   24   75    0  136  141
   97  125  157   24  166
  136   20   98  161  148
   54   22   42   55  147
  111   28  132   72    5
  182  169   66   95  123
   46   94  102  152  172
  164   89  162  117   31
  176   69   59  140   34
   67   32  190  155   29

  Bi   hi   su   su
           time cost
 PSIZE,CV,TBO,TSCAP,AVGCAP =      2    2    4    1    8
