   20   20
    1
 1946
 1.00 1.20  14. 600.
 1.00 0.80  17. 400.
 1.00 1.00  17. 800.
 1.00 0.90  14. 1000.
 1.00 1.10   5. 1200.
 1.00 1.10  11. 400.
 1.00 0.80   8. 400.
 1.00 0.90  11. 600.
 1.00 1.20   5. 1200.
 1.00 0.90  14. 600.
 1.00 1.20   5. 800.
 1.00 0.90  14. 1200.
 1.00 0.90  17. 1200.
 1.00 1.00   8. 1200.
 1.00 0.90   5. 800.
 1.00 0.90  14. 800.
 1.00 1.20  11. 1000.
 1.00 1.00   5. 1200.
 1.00 0.90   5. 800.
 1.00 0.90  17. 600.
  174    0    0   35    0    0    0   24  108  176    0    0  142    0    0
    0    0    0    0  103  153   66    0    0  112    0  181    0   30    0
    0  137  190    0  164    0    0    0    0    0  106    0  193  146    0
  152  141    0    0    0  185    0  176   17  184    0    0  186    0    2
  121  111    2   81   23   27  156    8   77  150  146  175   69   64  164
  155  171   75  126  131   74   21   72    3   73  179   31  145  116  145
   60   57    0   84   54   95   33   87  177  126  159   30   87    4   71
   21  195   80  178   75  179  121  123   63  156   88  113   62   25  187
   70   74   84  102   30  112  144  153   60   15  143   52   34  137   42
   69   71  177  137  123   47  161   60   52  172   81   49   91   54   38
  134  190  140   43    1   21  115   42  188   53  104   92   28   76  160
  132  188  145   83   70  159   54   27   72  155   11    0   97  131   94
   24  147  190  147  176   67   46   77    4  143  148   46   59  144   55
  131  123  191   28   33  142   88  113   63   28    2  153   22   89   84
  176   47   58  124  163  163   70   65  164  115   97  173   19  118   75
   10    2  122   50  181  145  138   67  132   23   49   83   14   56   13
  144  169   51  136   84   39    4   74  167  160   25   53   88    3  158
   96   21    5   34  157  157  186  145  104   78  150  138  131  184  129
  113  165   59   17  165  154  111   53   82  172  133  141  174   99  142
   57  165  191  116  100   82  197   64    9   75  129  148  145   86   87
    0  153    0  153    9
  120    0    0    0  129
  131    0   59    0    0
    0   55  120  164    0
  124  153  108  149  104
  128   12   10  153  147
  155  121  198  182   14
    3   11   39  132  174
   24  169  109   29   56
  142   35  144   74  126
    9  149  139   47  138
  132   21   31  196  199
  147  117  136   71   66
   97   98  113  183   58
  120  100   48  136  114
  171   20  136  163  176
   36   31   56   56   34
  132   56   44  159   74
  137  185  188  148  103
  132  173  156  162  116

  Bi   hi   su   su
           time cost
 PSIZE,CV,TBO,TSCAP,AVGCAP =      2    2    4    1    9
