   20   20
    1
 2466
 1.00 1.10  14. 400.
 1.00 1.20  17. 1000.
 1.00 0.80   8. 1200.
 1.00 0.80  14. 400.
 1.00 1.00   5. 600.
 1.00 1.00   8. 1000.
 1.00 1.10  14. 800.
 1.00 1.00   8. 400.
 1.00 1.20   8. 600.
 1.00 1.20  17. 600.
 1.00 0.80  14. 600.
 1.00 1.20  14. 600.
 1.00 0.80  14. 1200.
 1.00 0.80  17. 800.
 1.00 0.90  17. 400.
 1.00 0.80  11. 1200.
 1.00 0.90   5. 400.
 1.00 0.80  14. 1200.
 1.00 1.10  17. 800.
 1.00 1.10   5. 400.
    0    0    0  109    0    0    0    0  116  189   73    0   86    0   53
  136    0  163   65    0    0    0  104    0  124  146    0   91  177    0
   87  119  197   91   19  131    0   17    0    0  166    0  145    0    0
  155    0    0    0    0    0    0    0  199    0    0    0    0   43    0
  149  173   28   73  143  138  183  175   86  161   35  103   48  113  190
   40  142   20  156   76  146   31   87  196  126  124  131  191   65   58
  196  197    8   71  114   92   51  118  185   36  126  163   50  182  143
  161   59   47  148  183  101  180   29   19   55  156  166  136  105  155
   91  195  189   74   86   18  160  116   38   53  179  102   17  137  199
   87   27  108  145  184   26   74  175  101  147  145  195   84   99  114
   67   83   55  104   71  114  188  181  182   46  108  179  174   14   73
   29    3  150  197  158  188  146   92    5   43    9   66  111   15  157
  145  131   31    4  144  151  145   67   78   27   75  169   64  113   42
    3   26  124   48  156   20  154   61  108   48   72  163  159  150   30
  100   84   11   33   94   20  116   56  163  190   19   88  113   62   23
   56  121  162  182  186  159   76   28  194   14  127  168   70  121   36
   93   40   38   68   31   74  125   27  125   45   32  180  105  122   86
   32   41  151   59  126  154    3   60  134  196   68    2    3    0  169
   97  190   17   74   50   49   39  191   94   83   51  186  160   79  136
  108   30  165   35   74   85   11   29   75  150  159   47  187    0   98
  149  139   50    0    0
  150    0    0    9   62
    0   55    0  194  130
  174   94  108  189   27
  192   29   37  152  106
  157  138   83  119   31
  123    0   77   25   70
  162   28   49   42   12
  162  199  174  166    6
   83  199   70   87   54
   76   68    0  189   41
  128   25   91   75  129
    4   47   44   36   21
  149  151  111  180  155
  182  188   65  184   23
   10  133   43  160   90
  154    1   47   68  154
  126  128  154  187   72
   51  185  155  164   40
  138  124   46   46   61

  Bi   hi   su   su
           time cost
 PSIZE,CV,TBO,TSCAP,AVGCAP =      2    2    4    1    7
