   20   20
    1
 2175
 1.00 0.90  11. 400.
 1.00 0.80   8. 1200.
 1.00 0.80   8. 400.
 1.00 0.90  17. 600.
 1.00 1.20  17. 1000.
 1.00 1.20  17. 1200.
 1.00 1.20  11. 1000.
 1.00 0.90  11. 400.
 1.00 1.00   5. 400.
 1.00 0.90   5. 400.
 1.00 0.90  11. 1200.
 1.00 1.20   5. 600.
 1.00 1.10   5. 1200.
 1.00 0.80  14. 800.
 1.00 1.20  17. 600.
 1.00 1.00  17. 400.
 1.00 0.80  14. 600.
 1.00 1.00   5. 1200.
 1.00 1.20  14. 600.
 1.00 1.20   8. 400.
   77    0    0    0   26    0    0  124   81    0    0   71    0    0    0
    0  111    0   97   44   34    0  126    0    0    0  116    0  199  144
   81    0    0    0   72   65    0   50   56   83  151    0    0  140    0
    0  109  195    0   79  117  149  135    0    0    0    0    0   51    0
   72   77   81   69  171  121   82   44   43   61  181   43  198   95   38
   62  196  120  188  133   18    9   90   17  122  115   17  143   27  188
   99   44   19  112   46   31  172   63   86  105   36   23   12   66   54
  140  136   97  112   90  151  153    9  104   91   20   34   27   52   69
   55   70   92  179  193  116   88  116  176   95    0  183    3   45   44
   40   46  116   26  182  168   58  187  107  184  112  130  176   88  166
  103  192  177  135  114  109  147  187   24  138  144  156  177  105   47
   45   82   37  112   75   71  130   82   71   76  185   44   73    3  174
  162  133   19  110   36   86  146   63   77   55  153  147  156  157   90
  177  168   95  159  161   89   81  174  150   15  164  170    2  134  119
  151  120   31   80  165  101  118   93   23  138  153  107  137   51   78
    1  190   29   51   37  168  183   47    9   26   79  196   84   91  168
   51  165   49   57  102   40  177    7   17   36   61   38   76   70  115
  114   57  188  120  147  103   68   95   14  168  199   32  198  195   89
  134  196  173  180   86   26    9   13  196  158    1   17   92  148   22
   37  163  162  163  184  186  141   81  189  131  100   62  123  116   14
  158   27    0    0    0
    0  151    3  181    0
    0    0  188    0    0
  123    0  127    0    0
   14  144   63  197  116
  190   32   67   80   33
   27   71  143   54  151
  107  169   24   77    6
   55  134   41  145   21
  150  179   57  194  157
   95   96   10   39  145
  126   84   16   60   17
   19  136  176  150    0
   50    3  172  114   34
  168  137   95   94    2
  140    5  179  139   15
  109  134   16   89  142
  128  130  157   84   85
  126   88   38  168  181
  107   67   62  166  155

  Bi   hi   su   su
           time cost
 PSIZE,CV,TBO,TSCAP,AVGCAP =      2    2    4    1    8
