   20   20
    1
 2098
 1.00 1.20  32. 400.
 1.00 0.90  43. 600.
 1.00 1.00  54. 1200.
 1.00 0.80  32. 1200.
 1.00 0.80  32. 400.
 1.00 0.80  32. 600.
 1.00 0.90  54. 1000.
 1.00 0.90  32. 1000.
 1.00 1.20  32. 800.
 1.00 1.20  32. 600.
 1.00 1.20  21. 1000.
 1.00 1.00  54. 600.
 1.00 0.80  32. 800.
 1.00 1.20  43. 400.
 1.00 1.10  32. 400.
 1.00 1.00  21. 400.
 1.00 0.80  43. 800.
 1.00 0.90  32. 1000.
 1.00 1.00  54. 800.
 1.00 0.80  54. 600.
   97   30    0    0    0  122    0    0    0  162  161    0    0   25   25
  108    0   37  190    0   63    0    9    0  140    0    0    0  184    0
  189   19   93    0   46    0  168    0    0  151    0  196   34   29   69
    0   94  187   22    0    0   60   13  140    0   54   61    0   68    2
   42   12   94    7  133   68   75  196   16  128  151  173  115  135  179
  180   67   16  189   98   20  180   10    6  145  144  104   92  123  187
  113  171  190  161   56   26   55   93    9  160  192  158   27   76  171
  128  166   55  181  101   92   50  107  135   42  138  179   44  124   80
   25   53   93   35  109   84  147  174   57  131    8   67   91   97   51
   10  161  196  164   34   74   92   55  133   38  131  173  168  125   26
   29   11    0  101  155   95  154   36   58   21    3   30  149  148   93
   71  125  151   92  176   76  194  198   30   94   44   57  150  107   62
   82  163  184  185   39  140   22  178  179  146  159  177   79  107  196
  142   64   16  118   97  148   89  173  187  124   81  116   27  190  195
   97  111   86   36  173   24  148  193  153   93  163  199  165  118  106
   40  120  102  154   85   11   27   56   93    8   44  193   66  144    1
  194   63  120   89   87  107  135  137   41   12  108   79   25   53   95
  108   34   93    1  108  186  108  198   82   64   64   11   84  162   58
  101  109  141  152  178  137  118  124  195   42  183   32  118  154   63
   47  118   23   53  109  119   36  123  144  172   63  187   61   60    8
  120   34    0    0    0
  195    0    0    0   96
  115  115   70    0    0
    0    0    0    0   49
  173    9  155  166  150
    5   22   88   79   73
   70   98  112  184  165
  110  199  170   44  186
  178  119  112   27  120
   18   77   55   53   18
  100   51  161   19    7
   65   34   14  174   32
   71  119  121   70  176
   50  137   97  104   46
   98  143  147  134  136
   20  111   30   45    0
   44   49   96   88   62
  130  190   67   46  166
  118   80  154  147  155
  112  139   23   94  111

  Bi   hi   su   su
           time cost
 PSIZE,CV,TBO,TSCAP,AVGCAP =      2    2    4    2    9
