   20   20
    1
 2345
 1.00 1.00  32. 800.
 1.00 0.90  65. 600.
 1.00 1.20  65. 1000.
 1.00 1.20  32. 1000.
 1.00 0.80  32. 400.
 1.00 1.00  54. 600.
 1.00 0.80  21. 1000.
 1.00 1.10  65. 1200.
 1.00 1.00  32. 1000.
 1.00 0.90  54. 1000.
 1.00 0.80  21. 1000.
 1.00 1.00  65. 800.
 1.00 0.80  32. 600.
 1.00 1.00  21. 1000.
 1.00 0.80  54. 1200.
 1.00 0.80  54. 600.
 1.00 1.20  32. 1000.
 1.00 1.20  32. 1000.
 1.00 0.90  54. 1000.
 1.00 1.10  43. 800.
   43    0   92   74    0    0    0    0   30    0    0  155    0    0    0
    0  159   13    0    0  127    0    0    0    0   14   24    0    0  135
    0    0  171  181  110    0    0    0    0   20  123   93    0    0   78
    0    0    0    0    0    0   43  194    0    0    0    0  108  113    0
  186   52   12    8  132   59  158  136   66  173  152   40  197  125    8
  196  152   68  133  115  138   95  183   91  127  116   82  184  190   68
  193  145   45  182  194  198  134  147    3   13   53  198   12   88  173
   33   34  101   47   23  113   13   27   44   17  106   27  163   55    9
  175   89   79   66  170  134  161  184    1   21  117   56  159  162  100
   30   48   17   68   19  101  189   75   98   71   55   96   30  158  194
  120  187  132  121  170  127  124  127   70  129  183  140  193  110  157
   22   82   56  119  147  111  110  170    9   82  167   97   84  128  176
   65   12   83  145  175   75  102   93  145  101   68  114  116  182  129
   48  182  169  159  108  195   64  123   92  188   39   24  188   20   10
   91  115   47   21  100  159   24   49   72  157  123  195  149   55   13
   16    2   59  140   32   45  178  172  112  121   24   37    3   88   54
   88   81   84  153   12  126  180  142  131  155  167   60    3   77  192
   39  104   20   40   62    8   89   11  198  186   36  122  144   79   51
  175  180  179  134   91  192  171  104   86  193  112   66   59  156  128
   56  168   22  168  128   42   86   96   80   18  107   21   24  150   13
  145   93   23   42   38
   47  169  103  199    0
    0    0  138  114    0
    0    0   25    0    0
  107  115   27  104  123
   43   47   95  100  136
  193   62  122  106  169
  154  162  134   23   30
   36  161  160  173  151
   79   79  144   98  156
   39  158  113  137   99
  104   50   20   69  197
   43  188   48   71  161
   74  118   91   17  118
  181   77   62   98  173
   57   56   23   34    0
  179   43  111   27  124
   18   43   93  125  184
   32  125    1   66  155
  148   96   16  177   25

  Bi   hi   su   su
           time cost
 PSIZE,CV,TBO,TSCAP,AVGCAP =      2    2    4    2    8
