   20   20
    1
 2658
 1.00 0.90  65. 1000.
 1.00 1.20  21. 800.
 1.00 1.10  65. 600.
 1.00 0.80  65. 800.
 1.00 1.00  54. 1200.
 1.00 1.10  65. 400.
 1.00 1.20  43. 800.
 1.00 0.90  54. 600.
 1.00 0.90  32. 600.
 1.00 1.00  32. 400.
 1.00 0.90  65. 1000.
 1.00 1.20  21. 1000.
 1.00 0.80  43. 600.
 1.00 1.10  43. 400.
 1.00 0.80  65. 800.
 1.00 0.80  32. 1000.
 1.00 1.10  65. 600.
 1.00 1.00  32. 400.
 1.00 1.10  32. 1200.
 1.00 1.20  65. 400.
    0    0    0    0  139   37    0    0  199    0   14    0    0    0  162
  104    0   41  173    0  183    0  101    0    0    0   86    0  134  114
  177    0    0   52    0    0    0  124   95    0  132   94    0    0  117
    0    0    0  141  132   68    0  139    0    0   94    0  185   97    0
   27   57   91  190  160  148  117  129   34   31   80  157  166   32  145
  178   93  172  147   16   91  160  195  167  155   98  180   49   48   40
  121   35   96   15   70   46   51   87   18  149   61  144   43  178  189
  190   12   44  156   59  184   81   62   63   17  134  181  188  175  153
   73   95  175   44   52  118  174  172  140   78   80   52    8  181  123
   25  110  182   71   26   17   69   24   25  131   88  105  114  137  196
   35   28   58   89  167   48   39  197  132  149  126  177  128  172   87
  187   97  131  192   77   80   58   50  176  111   94   83   46  151   17
   52  149  150  109   71   74  172  192   61   28   18   51  144  130   34
   55  185  122   82   31  172   68  181  179  131   73   20   69  194   50
   41   45   99  138  110  170  109  128   80  179  189  191   34  170   25
   20  165  127   59  102   25   82   22   16   98  198  148  130  103   90
   91  175  181   81   84  158  138  167   83  106   59  155  120   95  118
   61  134  184  107    6   35  154  125  136    6   17   42  100  173  198
   87  103   14   14  151  102   30   15   16  157  121  182  192  194   23
  119    6  143  131   46  192   41    5   60  112   77   80  164    0  168
    0   10    2  123    0
  119    0    0    0    0
  113  146    0    0    9
    0   63   27    0    0
  108  110   93  184   10
    8   89   16  124  137
  107  169   27  191    3
   24   94  104   66   12
   17  177   21    0    4
   53   44  185   15  104
   87   25  192   35  164
  170  182   19   50  128
   23   32  185  122   86
  144  140  188  183   93
  172  117   50   20   74
   18   31   21   49   96
   36  127  178   21  191
   90  107  115  128   41
   85   55  189  144   73
  123   19  188   62   56

  Bi   hi   su   su
           time cost
 PSIZE,CV,TBO,TSCAP,AVGCAP =      2    2    4    2    7
