   20   20
    1
 1946
 1.00 0.80   5. 800.
 1.00 1.10   8. 1200.
 1.00 0.90  17. 1000.
 1.00 1.10  17. 1000.
 1.00 0.90  17. 400.
 1.00 0.90   5. 1200.
 1.00 0.90   8. 1000.
 1.00 0.90   8. 600.
 1.00 0.80  17. 400.
 1.00 0.90   5. 1000.
 1.00 0.80  14. 400.
 1.00 0.80  11. 600.
 1.00 0.90   5. 800.
 1.00 0.80  11. 1200.
 1.00 0.90  14. 600.
 1.00 1.10  14. 1200.
 1.00 0.90   5. 1000.
 1.00 1.00   8. 1200.
 1.00 0.80  14. 800.
 1.00 1.00  11. 1000.
  176  113    0  152   39    0    0   75    0    0    0  165    0   46    0
  136    0  177   22    0    0   33    0    0   60    0   49    0    0    0
    0   20  173    0   15  145    0  153    0  164  131    0    0    0    0
    0    7    0    0   50  192    0    0   22    0   38   83    0    0  162
  169   21   59  161  153  136    0  175  160   71  183  177   99  112  178
  177   48   65  150   43  126  109   49   77  181   14   26   31  147  127
   34  151  126  157  114   50   48   32  157  173  173   57   43  140  181
  192   91   60  178   32  162  198  170   49   17   59    5   92   62  181
  125   57    9  135   60  144   53  138   79  101  163  136   25   28  137
  129  183  141   99  188  193  146  157  166   31  141   96  165  191    7
   39   40   81   84  155   23   72  191  110  170    8   70  108  172   32
   76  173  181  197   24   63  160  106  185  120  172   45  178  174  123
  118  109  115  111   45   37   19  177  196  151  159  141   79   76   20
  164  157   31    7  162   24  125   71   50  165   54  184  126    9    9
   35  166  190    4  196   37   52  172   83  159   54   31   94   42   40
   73  124  137   21   97  143   59   77   90   16   21  185   24  153   25
  143   88   10    0  108  197   68  195   66  130  119  176  178  157   23
   69  163  179  163   51  180  128   54   62   83   95  197   70    5  198
  166   53  174   78   25  159   51  110  144   67  191   44   33  198  186
    4    7    6  173   94  117  137  175  133   17    3   65  156   74  137
    0    0   57    0    0
    0   17    0   97    0
    0  174    0   11  133
  144    0   86  153    0
  136    9  132   41   58
   94   63  175  191  140
   40   86  110   53  195
   37  164  166  181   47
  100  118    0   14   83
   12    3  113  192  106
   98   51   70  122   49
  169  109  129   95  152
  154   61  109   48   73
  166   34  158  161   99
   65   23  154   38   76
    1  178  169   92  133
  162   80   25  146  175
   48  198   56   47  181
   37   29   37  155  122
   94  190   37  193  126

  Bi   hi   su   su
           time cost
 PSIZE,CV,TBO,TSCAP,AVGCAP =      2    2    4    1    9
