   20   20
    1
 2658
 1.00 0.80  43. 1200.
 1.00 0.90  43. 800.
 1.00 1.10  54. 1000.
 1.00 1.10  54. 800.
 1.00 1.20  32. 1000.
 1.00 1.20  43. 600.
 1.00 1.10  43. 1200.
 1.00 0.80  21. 400.
 1.00 0.90  43. 600.
 1.00 0.90  43. 600.
 1.00 1.10  65. 400.
 1.00 0.80  43. 800.
 1.00 1.20  43. 1000.
 1.00 1.00  32. 600.
 1.00 1.00  21. 400.
 1.00 0.90  32. 400.
 1.00 0.90  32. 1000.
 1.00 0.80  32. 400.
 1.00 1.10  43. 400.
 1.00 0.90  32. 400.
    0  108    0    0   53   53    0    0    0  180    0    0  129    0  103
    0   48    0    0   21   85    0    0   21    0    0    0   89   21   60
   61    0  103  182    0    0   13    0  156    0  198   50   13   22    0
  101   88  125  128    0    0   85    0    0    1  123    0  152    0  129
  148   86   63  133  162   90   80  162  188   20    5   53   66   86  175
  124   74  181   34  146   97  138   30   45  195   64  121   86   64  133
   77  196   98   70  150   94  191   45  137  148   84   51  178  118   11
  176  100  130  166  133   85   71   51   72  138  116  105  106  193   68
    3  162   58   36   89  168   53   58   66   71  196  142  110   43  131
   38  198  146  114   32   35  123  162   63   64   17  122  117  128  124
  174  150   17   81   85   59  118  115  147   48   83   24  119   34   14
  166   75   61  106   30   85    0   60  153  102   14   13  150  112  184
  134  127   94   63   75   43   91  114   45  108  190   35  182   85    4
  133  148   13  167    3  165   76  177    3  192   22   91  101  172  185
   92  130  123    3  195   39  172  194  178  121   28  156    8  172   74
  189  105   57  158  149  133   13  182   77   59   73   67   20  122   85
  159   33  104   76  140   95   70  174  131   13   93  193  163   50   74
  111   48   54   88  198   27  174  109   94  198  184  125  103   28  199
   82   83  138  133  196   82  174  142  179  117   96   49  176  119  137
   60  161  148    5   17   57  182   89   23   72  183   70  106   58   54
   47  114    0   21    0
    0    0  137  189    0
   90  165   29    0    0
  104  106    0    7    0
   13   67   47   77    0
  160   76   19   42   83
  177   75   78   68   89
  122   61   51  155  194
  127   16   39   92  150
   20   93  125   93   67
  170    9   80  156  152
  172  169   32   26   68
   86   34   58   43  131
   26  168   92   41  157
   18  151   60  132  178
  150   86   47  137  125
  157    6  155  199  128
   37   29   37  160  142
   58  119  132  129   22
    2  120   44   64  180

  Bi   hi   su   su
           time cost
 PSIZE,CV,TBO,TSCAP,AVGCAP =      2    2    4    2    7
