   20   20
    1
 2466
 1.00 0.90  11. 600.
 1.00 1.10  14. 800.
 1.00 1.10  14. 1000.
 1.00 0.90   5. 600.
 1.00 1.00   5. 1200.
 1.00 1.00  14. 1000.
 1.00 1.00  17. 1200.
 1.00 1.00   8. 600.
 1.00 1.10  17. 1000.
 1.00 0.80   5. 800.
 1.00 0.90   5. 1000.
 1.00 0.80  11. 800.
 1.00 0.90  11. 1200.
 1.00 1.00   8. 1000.
 1.00 1.00   8. 1000.
 1.00 0.80   8. 800.
 1.00 0.80   8. 1200.
 1.00 1.00  14. 1200.
 1.00 1.00  14. 600.
 1.00 1.10  17. 1000.
   80  150  124    0    0  189    0    0    0    0    0  186    0    0  165
   86   47   36    0    0    0  143    0   73    0   52    0    0  128   37
    0   62   53  162    9   39  155   99   80    0    0    0   59    0   30
    0  160    0   46   22  120   57   40    0    0  196    0   28    0  188
  186  120  165    5  189  192   37   84  124   48  158   36   26   35  173
  161  197  173  174   55   27   65  143    2   38    4   82   17   84  107
   77   40   67    1  108  178   71  150  191   26  121   28   61  107   40
  193   30   34  131   13   98   15  155  120   95  119   40  144   30  103
   83  175   37  108   64   70    8   21   54  136   57   23   24  136  126
  188   29  159   16  198  146  118   53   31  104   91  118  168   32  132
  150  148   86   59    9  122  186    6  142  121    0  193   59  104   37
   55  164  199  167   23  186   12   76  110  128  182  138   88  150  163
  182  139   99   96  187    8   42  174  180  184   60  183   62   95  165
  148   48  178  147   70   83  132  102  170  168   50   35  158  155   65
  124   81  112    8    8  172   76  125   19  173  176   74   85  109   59
  173  115   28    7  190  178   55  190  150  199   69  185  103  173   81
   37   75   74   41  195   96   66   41  147   38   27   11   25   51   74
  127  147  154  147  151   24  112  195  128  141  115  176    2   93   88
  174  197   79   57   44  152   34   68   61   60    5   89   47   11   41
  149    6   17   48  131   87   89  140  198   39   48  133  102  161   18
    0  175    0  185  123
   60   28    0   89   73
  161    0   92  151  141
    0    0    0    0    0
   30   80  171   40   54
   56  131   12   88  171
   39   68   23   26  150
   92  135  149  104  157
  176   16  178   33  161
   38   38   84  113   90
  137   23    8   36  142
   73  176   18   86  115
  188  199  180   98   88
   25  165   84   21   93
   36   78  105  189   49
   48  176  133  114  126
  148   56  128  196   16
  186   58  155  124   17
  147   33   97   29  148
  198  122  188  118   35

  Bi   hi   su   su
           time cost
 PSIZE,CV,TBO,TSCAP,AVGCAP =      2    2    4    1    7
