   20   20
    1
 2175
 1.00 1.20   5. 400.
 1.00 0.80  11. 800.
 1.00 0.80  14. 800.
 1.00 0.90  11. 400.
 1.00 1.00  17. 1200.
 1.00 1.00  17. 800.
 1.00 1.10  14. 800.
 1.00 1.20   5. 600.
 1.00 1.20   8. 1000.
 1.00 0.80   5. 600.
 1.00 0.80   8. 1000.
 1.00 0.80  11. 600.
 1.00 0.80   8. 1200.
 1.00 0.80   5. 1000.
 1.00 1.20  14. 800.
 1.00 0.80  17. 1000.
 1.00 1.10   5. 1200.
 1.00 0.90   5. 1200.
 1.00 1.10   5. 1000.
 1.00 1.20   8. 800.
    0    0   49    0    0    0    0    0    0   48    0    0   67  112    0
  155    0   12   37    0    0   73    7   92   41    0    0    0   46    0
    0    0  147    0  170   74    0    0    0    0    0    0    0    0    0
    0    0  168   56  176    0   57  174    0   63    0  186    0    0  187
  163  162  167    3  163   69   59   34   70   73   73  155  103  104   99
  137  144   60   85  120  122  173  130   17  129  154   77  167   42  198
   82   85  153  102  107   28  158   20  131  139  183  162   12   60   47
  154   92   47   92   86  178  132  192  166   69   31  167   41   90  127
  194  112  157   27   78  187   45  163   90  171   63   93  148   13  165
  180  108   46  164   86  138  115   95   59   41  112   42   12   91  190
  125  190  103  139   94  172   37  131  184   27   78  186  133   35   17
   36  122  143   73   29   22   70  187   97  133    1    2    8   26   78
  184  163  116  118  176   84  138   28   30  132   52  118  178   94   78
  100   98   86   33   51   11    5  127   51  157  198   12   85  155  113
   77  166  130   71  112  186  178  183  169  158    0  115   28  103  110
   93  174   54  121  176   60  139   19  169  158  103   78  157  179  105
  182  106  117   45  194   60  103   24   68  155   43  191   62  136  193
  153   53  171   58  167  193    8    1  131  111   29  139  106   34  112
  135  144   80   58  141   54  166   25  105  145  111   22   99  141   30
   91  113  138  114  187  176   63   53  151  150   95   92   93   19   18
   89  122    0    0   77
   21    0    0    0    0
   25    0   11    0  187
  104   72    0    0    0
  161  142   72  133  188
  106  100   55  177   75
  142  152   71  150   87
   18  154   87   19   61
  194  123  122   49   77
  162   67   53   15   11
  182   47   10   40  146
  192   74  163  141  153
  126    5  184  163  114
   57  197  164  124   51
   31  158  187  143   85
  132  138   68  135   33
   34  160  167   21  172
  108  150  111  185  186
   24   72  177  127  171
  132  162    0  188   29

  Bi   hi   su   su
           time cost
 PSIZE,CV,TBO,TSCAP,AVGCAP =      2    2    4    1    8
