   20   20
    1
 2098
 1.00 0.80  54. 1000.
 1.00 1.20  65. 1200.
 1.00 1.10  54. 1200.
 1.00 0.80  21. 400.
 1.00 1.10  21. 1000.
 1.00 0.80  32. 1200.
 1.00 0.90  43. 400.
 1.00 1.20  21. 1000.
 1.00 0.90  32. 600.
 1.00 1.20  43. 1000.
 1.00 0.90  65. 800.
 1.00 1.10  21. 1200.
 1.00 0.90  65. 1000.
 1.00 0.90  65. 400.
 1.00 0.80  65. 600.
 1.00 0.80  43. 1000.
 1.00 0.90  65. 1000.
 1.00 0.80  43. 1200.
 1.00 0.80  32. 400.
 1.00 1.20  54. 600.
    0    0    0   78  124   94    0    3   35    0    0  152    0    0    0
   34  193    0    0    0   94    0    0   66  142   81    0  133    0  157
    0  146    0  161    0  197   16    0   91    0    0    0    0    0  151
  170    0   47    0    0    0    0  132    0  169   60    0  167    0   66
   52  129   41   79   60   66   56  142   71  125   57    1   88   78  166
  141   12  114  119  196   87    5  178  125   57    0   85   65   55  140
   22   63  176  199  172   53  123    0   78   28   81  189   35  186  112
  152  163  152  113  177  124   57   10  145  104  183  124  109   71  166
  187   42  147   33   91    6   49   38  184   72   13   37  104   36  133
  157  176   89   67    3   11   38  129  168   49   37  178   43   24  153
    8   99   76   71   19  181   19  158   94  129  101  183  152  160   39
  166   35  167  199   38   34   63   71   23  105  164  116  108  121  154
  117   68  194   59  198  154   63   21  163  103  141  100  196  122    2
   26  147  170   33   21   26  164   66  164  107  159   69  188  112  105
   88  103    4  153  197   39   54  169   38  159  132  132  135   52    2
   22  199   89  197  118  167  137  197  154  170  179    6  195   12    9
   92  131   31  103   87  105  124  193  133  177  179  153  199   42   61
  123   38  199  156  160  114   22  178  173   18  108   30  171   69  196
  164    9   20   38   51  162   28  149  167  101  102   99   78   85   79
  149   10   39  143   33   24   40   28    0  150   20  198  105   92   17
    0    0    0    0    0
   30   98   67    0    0
    0  120  121   63  170
   13    0    0   62  184
   26    7   12    2  101
   74   54  168   32  129
  114   88   28    6  183
   81  103  154  173  198
    5  131   78   43  171
   24   94   97   23  113
  128  156   95   49  183
  140   13   27   40  196
  194   50  144  138  175
  138  170  198  111   20
  140  147   57   35   98
  146  120   63   74   41
  181   46   19   95  152
  159  101  162  133   10
   97   37  196  145   23
   13  124  165   75   76

  Bi   hi   su   su
           time cost
 PSIZE,CV,TBO,TSCAP,AVGCAP =      2    2    4    2    9
