   20   20
    1
 1946
 1.00 1.00   5. 1000.
 1.00 0.80   8. 1200.
 1.00 0.90  11. 1000.
 1.00 1.00  11. 1200.
 1.00 1.00   5. 1200.
 1.00 1.20  17. 400.
 1.00 1.20  11. 800.
 1.00 1.10   5. 1000.
 1.00 0.80  11. 800.
 1.00 1.20  11. 1000.
 1.00 1.20  11. 400.
 1.00 1.10   8. 400.
 1.00 1.10  11. 400.
 1.00 1.20  14. 1200.
 1.00 1.10  14. 1000.
 1.00 1.20   8. 1000.
 1.00 1.10  17. 1000.
 1.00 1.10  11. 800.
 1.00 0.90   5. 600.
 1.00 1.10   5. 1000.
    0  191   41    0   91    4    0    0  119    0    0    0   92  178    0
    0    0   55  199  194  173   94    0   57  133    0  170    0   24    0
    0   44    0    0    0  108  107    0  194    0   49    0    0    0    0
   41  184    0   63    0   81  174   48  183  175    0  179   12   34    0
  161   97  124   57  108   82   36    2   82   34  186  114  129  155   84
   87   96  174  140   61  112   69  136  128   80   80   39   35   56   17
   78  124   93  179   89   44  194   69  122   48   76  180  118  198  104
    0  145  194   81   87  170   83   80   16  192  111  173   18  107   23
    4  109  157   49  111  170  100  172   96  136   31  163   15  167  180
    0   73    1   58  139   38  188   86   65  144    3   37  199  154   57
  186  183  106   13  176   52   93   39   38   71   48  154   17  143   30
   19  183   30   12  195  165  146   60   66   54  127   10  107   98  135
  167   35   56   20   15  111   75   77   62  192   96  184  194  185  156
  140  152  187  188   27   51   59   92  177   77  198    8   60   87  140
   89  111   43  119   66  174   59   49  156   18  134  174   47  180  165
  169    2  145  178   87   42  196   98   70   49   67  126   91   51  124
  108  156  144  121  182  192  190    4   97   94   88  178   15  153  107
   42    1   28  155  198  120   79   28   75  161   21   17  113   64  139
   39   57  184  101  172  189   44   50   99   93  169  132   58   52  193
  189  179   64  142  197   21   42   63    2   42   29  198   20   36   33
   47   25  125   59    0
   25    0    0  132  129
    0    0    0    0   88
  190   63    0    0    0
  195   39   75   58  184
  196  125   16   53  174
  184   31    6  155  194
  138  146  169   30   13
  136  100   26    9   14
  183   93  139   67  125
  104  105   93   22   37
    0   92   98  151   91
   69   11  150  120  135
   17  149   62   58  184
  153  105   24   56  123
   24   11   46  177  152
   39   30   25   83   28
  184  166   33  153  144
  187   80   39  128  155
   76  117  167  143  134

  Bi   hi   su   su
           time cost
 PSIZE,CV,TBO,TSCAP,AVGCAP =      2    2    4    1    9
