   24   15
    1
 2912
 1.00 4.00  40. 1000.
 1.00 3.00  30. 600.
 1.00 2.00  10. 800.
 1.00 5.00  40. 1000.
 1.00 2.00  10. 200.
 1.00 2.00  50. 200.
 1.00 4.00  20. 200.
 1.00 4.00  30. 400.
 1.00 5.00  40. 800.
 1.00 5.00  20. 600.
 1.00 4.00  40. 600.
 1.00 1.00  10. 600.
 1.00 2.00  10. 1000.
 1.00 5.00  50. 800.
 1.00 4.00  10. 800.
 1.00 2.00  30. 800.
 1.00 5.00  20. 1000.
 1.00 2.00  40. 400.
 1.00 5.00  40. 800.
 1.00 2.00  10. 800.
 1.00 2.00  50. 400.
 1.00 3.00  30. 800.
 1.00 4.00  10. 200.
 1.00 1.00  30. 1000.
   98  108  118    0  107  116    0   93    0    0    0   95   91   91   77
    0   85   93   90  102    0    0   85   97  118   87  110   83  102  120
  123  119  107  120  110   79    0    0  113   80  109   86    0  105   81
    0  124    0  119  108   76   78   86  116  123    0  121  104    0  116
  117   81   80  100   82   94   81   84   81   79   90   82   82  100  112
   78   89   78  118  102  102   95  104  117  117  102  111   94  116  100
   85  105  121   80   87  102   83   79   79  109   96   95  107   85   92
   76  100  119  118   82   82  106   95  119  109   85   77   96   76   98
   91   90   76   92  118   83   87  123  103  115  110   77  119  121  109
   88  101  112  117   92   97  102   87  106   98   88   95   81   83  115
   89   95  121  119   76   87   90  106   78  115   88   92  114  102   90
   97   85   87  104   95   83   92  104   96   91   84   90   79  120  108
   94  115   93  121   90  105  116  103   75   76   80   97  108  125   78
  108  120   93   80   96  106  123   88  121   83  110  114  100  118  111
  109  107  113  110   98   95   93   96   92   90  112  111  111  117  106
   92    0  123    0   97  124  123   78  105
   98  110    0  119  120  102    0    0    0
   95   89   83   98    0    0  114  111   85
    0    0  110  109  110    0  103   76  125
  122   76  103   87   98  100  119  118   81
  107   92   93   78   81   87   94   80   84
   91  117   80   82  116  113   83   83   95
  101   76   94   85  112  105  117  114   78
  113   99   76  110   83  102  119   92   86
   96   91   84   89  123   93   99  102   76
  122  122   85  113  115  119   80  111  100
  112  101  105  115   98  105   91  106  117
   95  121  116  113   81  120   89  107   87
  104  122   97   89  111  108  105  104   83
   83   93  114   92   78   95  113  124   82
  Bi   hi   su   su
           time cost
