   24   15
    1
 2912
 1.00 4.00  50. 1000.
 1.00 5.00  10. 600.
 1.00 5.00  40. 200.
 1.00 1.00  40. 600.
 1.00 3.00  40. 200.
 1.00 2.00  10. 200.
 1.00 2.00  40. 400.
 1.00 2.00  50. 400.
 1.00 3.00  20. 200.
 1.00 5.00  20. 400.
 1.00 5.00  20. 800.
 1.00 1.00  10. 200.
 1.00 1.00  50. 200.
 1.00 2.00  20. 400.
 1.00 1.00  10. 800.
 1.00 2.00  30. 400.
 1.00 5.00  40. 200.
 1.00 1.00  10. 1000.
 1.00 4.00  40. 400.
 1.00 5.00  30. 800.
 1.00 3.00  40. 800.
 1.00 1.00  50. 200.
 1.00 4.00  40. 600.
 1.00 5.00  30. 400.
   96  115   81   95    0  114   76   81  100  118  108   86   96  106  119
  101  109    0   90   80    0   93   86    0    0    0   86  108   76   79
  109   84    0   88  106    0    0   94  119  119   94   96    0   81    0
   93    0    0   78   93  102   80  113  104  108    0   89    0    0  117
  113  118   94  100  107   91   85   88  115   96   92   87   91  113  112
   81   94   85  118   93   94   77  111   76  107  113  113  112  105  118
  110   77  119   76   80   98  115  110  125  108  124  121  111   77  112
   82  112   79  121  114   89  112  119  111   92  103   95   91   90  121
   92   82  117  111  113   76   91  113  109   85   82   78   80   79  105
  116  121   80   87  103   85   81  124  117   83   94  123   90   81  123
  111   93  111   78  122   80  125   83   76  106  105  124   99   77  121
   76  102  125   80  104  110  120   82  113   87  108  114  107  118   95
  107   78  109  102   83   80   81  116  111   76  105   93  117  113   80
  105   82   99  103   79   98   80   95  105  125  101   84   94  110  112
   81   93   78   84  100   93  104   89   99   97   87  106   97   82  118
  111   98   89    0   94    0   81    0    0
   90    0   83    0  123    0   78   84    0
  107   89  120  124  111  100   97    0   83
    0  119  102   90    0    0  114   75  123
  104  114   99  123   93  103   83  114   93
  113  122  111  120  118   81   76   75  115
   76   97   98  113   93   91  114  112   98
  118  117   92   95   95  118  101   95  108
  120   76   76  120   89  102  107   78  103
  110  107   99   81   99  117  106   84  102
   76  123  103  106  115   80   98  118  123
  107   92   86   90  116   84  111  108   96
  107  124   85   90   78  102  114  114  105
   84   99   82  106   96  122  120  122  105
  119  102   91   76   89  100  100  102  106
  Bi   hi   su   su
           time cost
