   24   15
    1
 2912
 1.00 3.00  30. 600.
 1.00 2.00  40. 1000.
 1.00 4.00  10. 800.
 1.00 1.00  10. 200.
 1.00 5.00  40. 600.
 1.00 3.00  50. 1000.
 1.00 4.00  40. 800.
 1.00 5.00  20. 200.
 1.00 4.00  30. 600.
 1.00 2.00  50. 200.
 1.00 3.00  20. 600.
 1.00 2.00  30. 1000.
 1.00 3.00  30. 400.
 1.00 4.00  50. 1000.
 1.00 1.00  50. 200.
 1.00 3.00  30. 1000.
 1.00 5.00  50. 600.
 1.00 4.00  10. 600.
 1.00 2.00  50. 400.
 1.00 4.00  20. 1000.
 1.00 1.00  40. 1000.
 1.00 5.00  20. 1000.
 1.00 1.00  10. 1000.
 1.00 5.00  40. 800.
   87    0   92   94   83  104   79   85  101   94    0   81   96   99   78
  122   76  109    0  114   96    0    0  115  120   79   98  123    0  100
   83  107   95  107   87  108  120   98    0   88  102  118   93   98  100
  106    0   83  115    0  119   84    0  112   94  107   98   76    0  108
   78  108   98  115  108  109   83  117  104  124  107  124   79  108   90
  103  102   85   90   78  112  114   80  102   93   91  113  104  106  105
  100   84  105   78  121   80   88  108  103   97  102   90   77   99  100
  119  106  118  103  111   86  119   92   80  101   83   94  110  119  121
   88  103   77   79   83   89   86  120   97   97  112   97   78   92  100
   84  102  108   81  119   82  122   93  103   87   92  118   80  114  118
  121  100  109  106  103  118   79  111  107   92   86   90  117   91   96
   78   80   77   91  102   97  112   95  115   83  111  117  102  113  107
   88   91  107  123   75   96   97  121  106   95  118  102   94  102  113
  107  106  119  112  103  107  116   86  122  106   92   97  100   80   79
  114  106  109   96   97  115  123   99   90   97   76   82  108  114  113
   76  106  102  102    0  121    0   96  123
  113   79  110   97    0   98   84  120  110
  120  121    0  112    0  122  116    0    0
    0  107   95  105   76    0  104   92  118
  112  113  122  119  114  114  111   90   85
  122   89   84  108   88  105   91   99  124
  109  104   87   88   94   75  106  109  101
  109  113   97  110   90   97   76   79   92
  117  106   78  116   97   87   98  100  122
   80  120   98  110   80   85   92   85   81
  109   91  114  112   95  113   75   81  110
  122  121   79   80  121  107  104  110  121
  106  121   76  115  110  123   97   76   82
  107   81   78   86  115  120   82  112   87
   97  117   80   77   93  116  113   85   90
  Bi   hi   su   su
           time cost
