   24   15
    1
 2912
 1.00 2.00  40. 1000.
 1.00 2.00  10. 600.
 1.00 5.00  40. 200.
 1.00 2.00  10. 200.
 1.00 4.00  40. 800.
 1.00 2.00  40. 1000.
 1.00 4.00  10. 400.
 1.00 3.00  50. 400.
 1.00 5.00  40. 600.
 1.00 1.00  20. 600.
 1.00 4.00  20. 800.
 1.00 3.00  40. 1000.
 1.00 2.00  50. 400.
 1.00 3.00  20. 600.
 1.00 3.00  40. 400.
 1.00 3.00  50. 200.
 1.00 1.00  20. 1000.
 1.00 1.00  20. 400.
 1.00 2.00  20. 1000.
 1.00 5.00  40. 800.
 1.00 1.00  20. 1000.
 1.00 4.00  30. 600.
 1.00 5.00  20. 400.
 1.00 5.00  40. 800.
    0  125   90  114   79   97  120   99    0   96    0   79  109   90  109
   76   96   88  115   97   94   91   94  100  105    0  106  115   83  113
   84    0    0  107    0  104    0  118   81  121  104    0    0   85   94
    0   80  120  103    0   97   89  116   90   99   86  123  113  124   75
  114   85   82   77  122   87   75  114  110   84  109   98  114   97  107
  112  118   96  115   82  103   82  114   91  122  113   81  117   75  100
  105  108  102   94   97   82  124  101   92   96   96  110   93  121   90
  119   85   91   82  122   92  104   90  107   83   85  119   92   84   76
  117   88   76  118  124   79  107   86  102   84   91   86  100  122   85
   91   94   93  112   82   84  114   78   90   90   79  114  122  100  109
   86   84   80  124   77   96   86   99   75  109   77   79   87  108  116
   88  118  122  115   91  117   78  121  119   77   92  110   83  107   93
   98  103   84  125   97  109   83  114   87   92  121   91  113  103  105
   78  117  105   76  109  121   88   94  120  124  118   89  123   91   88
  114   76   81   99  120  124  116   78  124   94  100  102  116  125  106
   95   89   83    0   79    0  117   83   96
   88  105   92    0   98    0  107   79    0
   94  118    0   78   78  116   90    0  120
   89    0   91   76    0   99   95   78  111
  121  114   90  116   87   78   86  112   95
  122   85  107   80  119   92   78   94  108
  100   95  116   90   98   77   85  115   75
  104   90  103  105  104   79   90   77  101
  113  107   77  102  116   81   93   79   84
   99  116  102  122  110  112   82   82  103
  123   94  107  100   88   79   75   95   90
   92  115  116  113   81  122   98   90  110
  104  124  112  106   75  100  124   91   83
  111   78  116   93  114   95   99   86  123
  112  117   98   85   76   96   87  114  100
  Bi   hi   su   su
           time cost
