   24   30
    1
 3016
 1.00 3.00  50. 400.
 1.00 2.00  20. 200.
 1.00 2.00  30. 1000.
 1.00 1.00  50. 400.
 1.00 4.00  10. 400.
 1.00 2.00  40. 600.
 1.00 5.00  20. 600.
 1.00 5.00  10. 200.
 1.00 3.00  20. 800.
 1.00 4.00  10. 800.
 1.00 5.00  50. 200.
 1.00 3.00  40. 800.
 1.00 1.00  30. 200.
 1.00 2.00  10. 200.
 1.00 5.00  10. 400.
 1.00 2.00  10. 200.
 1.00 1.00  30. 400.
 1.00 2.00  10. 1000.
 1.00 5.00  20. 800.
 1.00 2.00  30. 1000.
 1.00 3.00  10. 400.
 1.00 3.00  50. 600.
 1.00 3.00  50. 600.
 1.00 2.00  40. 600.
   81   91    0   79   78    0    0  116    0   77  111   77    0    0    0
    0  100  116    0  102    0  113  109   84  125    0  114   81    0   84
  114  117  124   93   89   98   84   77    0  110  114   91  117   86    0
  104  115  107  109   90  110   97    0   81  104   95    0    0   81  109
   96   84   86  111   95  118  106  119  116  119  123  115   89   95  120
   79   84   93   96   94   96   80  117   82   90  101   98   80   95   97
  122   75  103   92  118   86  100  125   99   75  106  108   97  106  117
   78  116   94   75  103   92  125  121  105   84  114   78   88   77  124
  108   91  123  122  123   92   89  109  101   79  114  120   91  121  106
   85  117   89   76  111   78  120  119   88  104   84  121  120   76   79
  116  118  109   96   89  122   83  100  105   83  103  117   76  100  117
   97   75   84  123   88  115  101  122  117  105   79   84   89   82   88
   82  109  120   85   83   83  102  112  104  116  110  111   81   85   78
   92   78   93  108  108   75   82  115   98  107  111  100  101  108   87
   85  107   80  119   91   79  106  121   75  109   76   80   91   77   94
  109   90  112  113  122  112  123   82   86  122  109  109  124  112  103
   77  117  110  104   87   83  115   89  104  119   77   93  117  111  116
  120   78   90   91   84   87  111   84  104  122   97   82  119  123  122
  108   86   97  106  111  114   86   90  111  106   91   90  123   80  122
  106   86  109   85   77   95   81  125  125  123  117   93  109  117  119
   97  124  123  116   93  113   91   82  124  107   78  100  101  109   90
   83  109  106  107   84   91   93   88   90  102  103   97  111   88   79
  111   81   86   83   77  114   85   87  107  111  104  122   96   81  120
  125  121   99  110  117  110  107  101   90   77  109  105  104   78   77
   89  121   80   87  101  124   88  112   82   84  116   96   81  115  115
   90   95  112  117   92   98  109  119   84   81   81  107  110   98   97
  114   98  116  109  113   95  106   76  104   92  118   82   79   85  101
   95   84  100   92  102   83   82   94   81   85   86   97  114  106  113
   93   80   98  115  105  101  107   83   88   81   93   79   94  100  102
   92   91  123  116   91  100   84  103  108   75   80  102   92   81  109
   77  117  115   84  117    0    0    0   93
  102  111   95  119  110    0   92  100  119
  101    0   97    0  101    0   83    0   78
   77   77  123   92   95   98   82  106   99
  119   81  116  117  102  113  112  104  110
   82  119  121  107  102  105  108  104  101
   96   78  103  112   97  124  122  117  106
   99  124  106  113   76   92  120   90  112
   96  123   77  101  117   90   93   97   94
   93   92  120   88  103  121  100  112  120
  105   78  123   88  122   97   78   99   89
   90  104  108  119   88  104   88   88   87
  109   99  115   94   81   92  124  114  119
  106   99   94  120   77   84  107   89  122
  119  118   91   85   88  116   98   96   96
  114  103   99  113   86  102   89  110  111
   92  110   81   95   97  122  115   88   93
   75  100   75  100  122   83   98   94   85
  112  122  125  102   87  107  109   92  122
  113  107   75   90  109   98  108  112  101
  109   98  106  100   96   79  110   99  104
   86  100   79  121  115  102  125   81  115
   90  105  120   78   91   89  120  112   98
  114   91  118   89  125   98  112   95  107
  107  103  103   95   93  104   84  121  122
  104   98  100  120  116  119  119   95  104
   89   76  105  100  105   77  120   77   82
  124   75   87   94   83  100  100  101  108
  112  104  116  113   83   81   92  120   95
   77   85  116   76  114  104   94   78  121
  Bi   hi   su   su
           time cost
