   24   30
    1
 3016
 1.00 1.00  10. 400.
 1.00 4.00  40. 200.
 1.00 2.00  30. 1000.
 1.00 4.00  10. 600.
 1.00 3.00  10. 200.
 1.00 1.00  20. 200.
 1.00 3.00  50. 800.
 1.00 1.00  30. 400.
 1.00 1.00  40. 1000.
 1.00 2.00  30. 200.
 1.00 5.00  50. 1000.
 1.00 3.00  40. 400.
 1.00 5.00  10. 200.
 1.00 5.00  40. 800.
 1.00 2.00  10. 600.
 1.00 3.00  50. 200.
 1.00 3.00  50. 800.
 1.00 1.00  50. 200.
 1.00 2.00  40. 400.
 1.00 3.00  30. 400.
 1.00 3.00  50. 600.
 1.00 3.00  30. 1000.
 1.00 5.00  40. 200.
 1.00 2.00  50. 800.
    0    0   92  120   93  125    0    0    0  108   84    0  106    0   77
   89  119  115  117  113    0   99   95    0   77   94  116    0   78    0
  118   82    0   77    0    0   94    0   97  123  116   93  108  115    0
   90    0    0    0   90  104  108  118   85   94    0   96   90  120  113
  109   89   97   84   80  125  124  124  123  124   91   78   99   96   78
   84  121  119  120   99  116  109  110  125  109   78   94  109  106  107
  102   94   94  114   90  112  114   79   94  106   90   80  122  114   85
   81  111   83   99   98   95   91   86   99  119   78   94  115   96   93
   95   93  101  119  107  116   87  125  119   91   76   89   97   82  120
  124   82  124  103  101   79  116   86   77   88   84  110  101  120  112
   82  119  121  108  105  107  101   91   87  101  120  112   96  117   88
  116   93  113   94   97   87   97  100   78  118  105  111   76  103   89
   80  121  101  118   98   76   80   96   99   86  120  100  120  121   94
   92  101   77  104   80  100  123   91   91   76   89   98   87   92  114
  102   87  104   91  114  110   84  115   89   98   83  120  123  103  115
   98   93  124  106  122   79   80  120  100  118  105  125  100   77  111
   81  119   88  102  123  114   82  115  100  116   96   83   84  107   82
  114  107  117   91   94   96   81  124  112  113  116   76  118  123  120
   98  111   79   78  108   93   85  120  108  121  101  117   89   82   97
   77  107  101   93   99  104   87   85   82  123   99   92  111   86  114
  106  117   97   78   95  120  112   92  101  121  122   91   97  115  114
  110  111   77  114   90  115   83  114   83  121   80   93   89   97   81
  103   84   79  114  123  113  121  106   96   76   88   94  124   97  109
   94  112   76   97   99  125  107  116   86  121   99  103   76   80   95
  109  123  106   80  122  114   83  120  125  122  109  108  112  103  110
   95  106   84  104  111   87  117  124   86  103   92   77   87   80   92
   91   83   79  124   88  107  103  105   99   98  102   79  105  118  119
   86  115  121   88   89   87  125  116  120   82  111   76  104   88   97
   87   79   89   76  105  100  102  119   90  120  113   99  125  109   86
   76  115  110  123   96  121  114   96  100   93  105   90   96  117   93
   86  121  105    0   82  100  109    0   96
  102    0  108    0    0  108    0   78  120
   75   79   99   81   95    0   77    0    0
   98  123  105   80   81  114  111   87  124
  110  105   89   93  109  112   97  119   93
   84   92  100  120   76  124  110   90  102
   82  123  102  105  115   96   88  113   92
   91  108   77   93  113   90  120  108  120
   81  106  103  115  110   76  114   95   96
   89   75  103   91  119   92   82  113   92
  124   98  125  116  120   82  110  119  123
  106   83   93  112   87  113   94  101  107
  122   89   86  117   76  108  108   79  100
  109   78   89   85  104  113   90  118  103
  113   90  122  122   90   86  109   80   94
  124   92   88   94   76  107  108   85   91
   83  109  106  105   77  117  111  113   81
  116  117  110  106   98   84  122  121   81
   92   76   77   79   84   89   81   84  123
  109   76   79   92   86   90  113  121  108
   98  116  113   80  113  108   84   84   94
  114  103   97  104   97   95   97   80  104
   85   78  106   83   95  118  104  116  106
  104  117  117  101  105  124   97  116   76
   82  105   89   86  117   79  121  120   79
   87   92  117  121   78   79  118   98   79
   97  113  107   76   95   91   86  100  122
   85   90   79  110  101  114  125  119   94
   81  113   96  111  103  120   96   94  104
  103   81  113   94  102  113  115  122   97
  Bi   hi   su   su
           time cost
