   24   30
    1
 3016
 1.00 1.00  20. 200.
 1.00 2.00  20. 800.
 1.00 1.00  40. 400.
 1.00 5.00  40. 800.
 1.00 5.00  50. 400.
 1.00 2.00  30. 600.
 1.00 1.00  50. 200.
 1.00 1.00  30. 400.
 1.00 1.00  10. 1000.
 1.00 5.00  40. 800.
 1.00 2.00  30. 800.
 1.00 2.00  10. 400.
 1.00 5.00  10. 1000.
 1.00 4.00  50. 800.
 1.00 5.00  40. 200.
 1.00 4.00  30. 1000.
 1.00 1.00  40. 800.
 1.00 5.00  50. 800.
 1.00 1.00  10. 1000.
 1.00 3.00  10. 600.
 1.00 1.00  40. 1000.
 1.00 5.00  30. 1000.
 1.00 2.00  10. 1000.
 1.00 1.00  30. 800.
  123  117    0   86   83  123   92   88  106    0    0  124   93   96   85
    0    0   93  102  120  104   98   98  105  102  112  105   77    0   87
    0   78  116   99   98   97   98  112   90   80    0   88  108    0    0
   77    0   97  117   84   97  125   80  103  104   92  118   80  112  104
   94  117  101  106  125   98  114  109  122  104   80   89  116   96   79
   86   77   90   95  116   87   76   78   84   96  125   80  110   86   81
   78  100  100   97   89  107   89  123   89   79  124   83   83  103  120
  100   76  101  121  123   96  116   87  124  113  110   95   80   75   83
  113   83   78  123   85  103  107  113  114  123  108   92   76   82  105
  106   90   89  124   90   78  109   96   99   76  118  122  119  113  113
  124   85   96  109   95   87  117  122   81   83  121   80   90  116   92
  120  125  120   98  105   98   92  122  104  125  112  101   94  105   84
   79  115   80   89  118  102  104  107  104  107  107   81  122  101  108
  120  112   91   83   83  100  104   79   82   85  124   76   89  100   99
  121   98  102   76   92  115  116  109  109  120   91  120   98  112   84
  118   86  102   84   91   88  108  103   97  100   78  122   78  121  121
   86   96  101   88  121   88   87   81  104   98  104   89   97   83  123
   84  108   87  101   77  101  116   83  108   99  118  119  100   84  101
   85   87  109  122  100  101  112  111  108   97  107  124  124   83   80
  123   90   84   99   88   84  114   79   99   78   80   75   84   77  101
  122   87   78   82   86   84   76  102  123  121  119   77   88   88   83
   96  122  114   87  100  115   90  101   96  123  119  107  125   83  122
  125   79  102  100   81   85   75   89  109  104   88   94   76  107  109
  103   96  101   92   93   82  104   81  101   82   83  109  106  105   75
  117   83   94  116   99   97   91  122  112   80  117   89   76  108  111
   98   81  102   82  124  105  116  101  109   95   90   81   79   95  111
   94   85  110   98   94   86  118   84   85  110   93  116  106   91   91
  123   98   79   94  101  112  113  118   88  115   98  103   83  122   89
   98  109  125  118   88  113   90  121  117  110  107   99   85  115   76
   76   94   75  107  113  116   80   87  102   85   87  110  123  103  109
   96    0  106   79  121  114   98  114    0
    0  115    0    0  105    0   77    0  110
   94  114    0  112  110    0  119  104  103
  117  118    0    0   97   89  117   99    0
  111  106   84  106   75   98  114   97  110
  109  124  115   77   77  124   95  107   91
   90  115   76  122  103  113  105  111   75
  119  118   83   89   89   80   84   82   83
   99   92  116  117  108   93   86   79   94
  106  121  123  100   90   87  117  118  106
  102   85   97  114  113  102   98  118  122
  112  114   75   77   82   99  109  114  101
   89  112  123   79  118   94  101  110  101
   92  110   80   93   84  124   85   90   81
   99   88   91   99   80   86  100  122   86
   87   81  105  101  110   98  100  118  108
   93  100  109  102   84   88  121   85  116
   99   85  121  113   87  109  120   92  119
   84   80   76   85  123  124   89  116   94
  116   86  124  117   88  123   94  108   99
  105   84  107   88  117  108   95   93  106
   89   85  113  112  103  109   79   86  108
   90  111  104  121   94  121   78   85  102
  103   90  115  124  114  115  112   94  102
   98   85   84   86  109   80   99  117  118
  107   94  106   87  120   88   94   77  115
   83   75  105  103   75  123  111  108   99
   83   98   91  114  114  106  105   78   75
   76  121   87   86   83  124   91   83   79
   78   88   78   77  106   99   84  116   88
  Bi   hi   su   su
           time cost
