   24   30
    1
 3016
 1.00 5.00  40. 1000.
 1.00 5.00  40. 200.
 1.00 5.00  10. 1000.
 1.00 5.00  50. 800.
 1.00 1.00  20. 800.
 1.00 5.00  40. 400.
 1.00 2.00  20. 600.
 1.00 2.00  50. 200.
 1.00 2.00  20. 400.
 1.00 3.00  50. 200.
 1.00 4.00  40. 800.
 1.00 2.00  10. 200.
 1.00 4.00  40. 800.
 1.00 5.00  50. 200.
 1.00 1.00  10. 200.
 1.00 1.00  20. 600.
 1.00 2.00  40. 400.
 1.00 1.00  20. 200.
 1.00 1.00  50. 200.
 1.00 2.00  40. 800.
 1.00 3.00  30. 400.
 1.00 1.00  50. 600.
 1.00 5.00  50. 400.
 1.00 2.00  50. 200.
  101  105   77    0    0  121    0  109  107  107   83    0   91  119   99
   88   89   89   83   98   87   96   92   85   82   79    0    0  116  122
   94    0   76   75  119   86   98    0    0    0    0    0  116    0   79
    0  123    0  110  114    0   86    0    0   87    0   86   87    0  111
  123  121  115  102   76   85   79  110  103  123  116   85  118   96  109
   81  107  115   79   89  118  107   82   80   89  116   95   77  110  117
   98   85  125   83  125  104  104   82  112   82   80   97  108   78   95
  122   91  100   84  101   97   75   81  110   82  100  113   76   92  117
   99  119   76   85  119  103   96  102   95  104  119  124   76   88   92
   82   76  120   85   81   77   79   81   76   75  116  120  122  109  103
  102  104  112   80   76   84  118  101  100   85  114  115  114  101   82
  120   90  107   85   92   89  108   99   77  117  108   99  119  120  101
  105   85  115  123  104  122   91  100   83   96   78  108   91   78   94
   81  113  104  105   93  119  125   76   84  120  115  116  108  104  100
  104   95   88  119   77   86   76   78   86  109   82  112   82   87   83
  115  103   80  108   77   90   93   99  113   86   93   90   99   87   77
  114   84   77  108  108  119   95  103  108  125  124   76   85   79  105
  110  117  114   76   86   79   99   83  105   81   92  120   91  115  122
   98   89   97   83  125  105  108  101   84   95  112  119  106  115   87
  111   93  112   83   91  101   82   89   94  113   80  111   97   80  109
   91  113  105  115   98  103   86   88  107   98   81  100  123   87  109
   97  118   89  119  116  124  103  103   88  102  119   98  122   95   76
  123   97   77   84  111  115   87   89  103  116  124   99  122   96  124
  106  107   89  118  111  104  124  109   89  106   88  121   85  118   98
   96  100   82   97   89  114   82  116  108  107  116   84  114   76   85
  111   77  112   82   81  101   80  115  122  102  111   99   95   78  113
  109  115  109  118  121  120   79   92   93   79   84   94  112  121  119
   93  121   90  104  108  112  107   78  109  102   80  108   79  100   95
   82  105   89   89   88  123   98   78   86  120   90  111  109  105  104
  117   86  111   96   75   90  115   80   93   86   79  102  100   79   79
  119  120  105   95   79  120    0  108   93
    0   81   99  111    0  110    0    0  103
   86   99    0  105  105   85  117   88   75
    0  121    0   97   76   85   79  108   91
   95   85  108   85   86   99  119  123  114
  112  123   77  105   87   80   95  101  101
  114   85   78  105   79   80  115  119   82
  124   90  120  111   86  117   81   83  125
  113  103   96  101   95  110  102  122  113
   85   83   87  120   87   95   85  104  106
   83  114   89  104  125  112  100   87   76
   76  100  115   94   77  118  116   84  111
  114   92  123  112  114   75  123  109  102
  115   93  118  124   81  115  114   96  103
  122   79   80  118   89   77  106   94  110
   83  102  113  110   93  119   77   85  122
  118  115   78   81   82  111   80   84   77
   95  125   92   80  101   92   87   98  106
   92  113  104  106  102  112   98   84  119
   78   92  100  118  110   95   85  105  115
   77   79   80  114  118   78  106   86  112
   96   96  109   91  115  121   94   76  110
   86   94   95  122  125   99  123   96  120
  124  110   93  120   81  113   96  106   75
   75   84   78  113  124   80  112  104  115
  123  118  103  107  117   93  104   89   93
   78   95  120  114   98  115  107  113  110
  115   87   91  110   96   85   93   94  121
   76  123  104  120   83  114   90  114  124
  109   95   87  120   87   92  119   89  114
  Bi   hi   su   su
           time cost
